timestamp,avg,qty
1574996400,239000,1
1575023700,244578,1
1575034500,250000,1
1575036000,253403,2
1575038100,256806,1
1575051000,267999,1
1575055200,256000,1
1575056700,244666,3
1575058500,239000,3
1575122400,266532,2
1575132000,259321,1
1575135000,257500,2
1575135300,259321,1
1575135600,257500,2
1575136800,253333,3
1575139500,245000,1
1575144600,275064,1
1575156900,245000,4
1575165900,271575,1
1575214500,259321,1
1575219900,245321,1
1575224400,260000,1
1575239700,241000,1
1575244800,251926,1
1575257400,251000,1
1575312300,260000,1
1575337200,270000,1
1575342600,259000,2
1575347700,258998,3
1575354900,300000,1
1575358800,252102,1
1575372000,270000,1
1575381000,251000,1
1575393600,251550,2
1575395400,252101,1
1575399000,245000,1
1575406200,239101,1
1575415500,256999,1
1575417600,254550,2
1575419400,245000,1
1575420300,248551,2
1575420900,245000,1
1575421800,250999,2
1575422700,256999,1
1575426600,252102,1
1575452100,264400,1
1575498000,259999,1
1575515400,260000,1
1575524400,259000,1
1575530100,252691,1
1575531900,250849,2
1575533700,249007,1
1575534300,250849,2
1575535500,249007,1
1575539400,252691,1
1575540000,249007,1
1575540300,252691,1
1575549300,249007,1
1575558600,255000,1
1575569100,250000,1
1575579600,252000,1
1575581700,247537,4
1575583200,246050,3
1575583500,247537,4
1575584100,246050,3
1575585900,251995,1
1575619500,250000,1
1575666900,252000,1
1575680100,250500,2
1575680400,252000,1
1575680700,250500,2
1575681300,252000,1
1575681600,250500,2
1575681900,249000,1
1575694500,248865,1
1575722100,250000,1
1575750000,246772,1
1575759000,252000,1
1575768300,246772,1
1575770100,251886,2
1575771900,257000,1
1575805200,246772,1
1575822000,250000,1
1575825600,252000,2
1575827700,250199,3
1575829500,246599,1
1575832500,250797,2
1575834900,245532,3
1575836400,235002,1
1575840000,255000,1
1575865800,250000,1
1575871200,246599,1
1575882300,256000,1
1575900300,250000,1
1575909000,240000,1
1575918900,244279,1
1575928200,255000,2
1575946500,254000,1
1576008000,245082,1
1576010700,245041,2
1576011000,245082,1
1576011300,245041,2
1576011600,245000,1
1576015200,242000,1
1576017000,248999,2
1576020000,255998,1
1576040700,250025,2
1576083600,254000,1
1576104600,241000,10
1576109100,255000,2
1576133700,250000,1
1576169400,253999,1
1576185300,250000,1
1576207200,260000,1
1576215600,250000,1
1576248900,248999,1
1576253700,258217,1
1576260300,250000,1
1576265700,258217,1
1576273500,260000,4
1576277400,248690,1
1576305000,259999,1
1576308900,256230,3
1576309200,259999,1
1576309500,256230,3
1576346100,248396,1
1576353300,257000,1
1576362600,252499,2
1576366200,253995,1
1576368000,248000,1
1576368300,250997,2
1576369500,248000,1
1576413600,499000,1
1576435500,248332,1
1576437300,260021,3
1576439100,265866,2
1576440900,260748,1
1576448400,260000,4
1576455600,260743,1
1576477200,282000,1
1576479000,273000,2
1576481100,264000,1
1576514100,245000,1
1576528200,249049,1
1576552200,259998,1
1576557300,258497,4
1576564800,258000,1
1576593600,249754,1
1576600800,253877,2
1576601100,249754,1
1576601400,258000,1
1576601700,253877,2
1576602600,258000,1
1576608000,249754,1
1576619400,246612,1
1576628400,250000,1
1576640700,249000,1
1576642200,249377,2
1576642500,249000,1
1576642800,249377,2
1576644600,249754,1
1576644900,249377,2
1576645500,249754,1
1576672800,251999,1
1576710600,259998,1
1576736400,261557,1
1576743900,255369,1
1576765800,253875,2
1576776600,255369,1
1576791300,256000,1
1576800300,255369,1
1576815000,247930,2
1576878600,250000,1
1576880100,252143,2
1576882200,258380,6
1576884000,259199,5
1576884900,261998,1
1576885200,259199,5
1576885800,258571,4
1576893000,254287,1
1576898700,268137,1
1576916700,264998,1
1576935000,268596,1
1576964400,259999,1
1577001000,259998,1
1577021400,265000,1
1577065200,259999,1
1577076000,264999,1
1577112000,262500,1
1577135400,256120,1
1577145000,259999,2
1577145600,261666,3
1577148300,265000,1
1577151000,268998,1
1577157300,260000,1
1577164200,250502,1
1577170200,254377,4
1577170500,250503,3
1577170800,254377,4
1577174100,266000,1
1577182200,256048,1
1577196900,256050,1
1577223900,254179,4
1577240700,257498,1
1577251500,280000,1
1577269800,257499,1
1577318700,247001,2
1577328000,253571,14
1577333400,247002,2
1577388300,256419,1
1577411700,229988,1
1577429700,264000,1
1577433600,243000,3
1577442900,250000,1
1577451600,262500,1
1577475300,262450,1
1577482500,217266,1
1577496600,257999,1
1577526900,253000,1
1577557800,260000,1
1577569200,253999,1
1577579700,250747,1
1577597700,248750,3
1577605200,255000,1
1577621400,251122,1
1577628000,255000,1
1577658600,252000,1
1577665500,249000,1
1577683800,259998,2
1577737500,253900,1
1577740800,253949,2
1577741100,253999,1
1577741700,253949,2
1577742000,253999,1
1577749800,255000,1
1577762400,252000,1
1577763900,249602,3
1577766300,248403,2
1577786100,259999,1
1577790000,260000,1
1577826600,249000,1
1577828400,255800,5
1577830200,257500,4
1577874300,252000,1
1577891700,251000,1
1577911800,252000,1
1577915700,251000,1
1577935800,248714,1
1577950500,258500,1
1577954400,259000,2
1577963700,250000,1
1577974800,255000,1
1577983800,255277,2
1577986200,255554,1
1577987700,250000,1
1577995200,259000,1
1578024600,245000,1
1578079200,250999,1
1578091800,247470,1
1578139800,253000,1
1578148800,247470,1
1578177900,254994,1
1578192900,246401,1
1578240000,254994,1
1578255600,254000,2
1578262800,253996,1
1578270300,248107,1
1578273900,253996,1
1578278400,254999,1
1578285900,248107,1
1578319200,248031,1
1578329100,248687,3
1578329400,248031,2
1578329700,248687,3
1578330900,250000,1
1578336600,250999,2
1578337500,251999,1
1578337800,250999,2
1578338400,251999,1
1578353100,253000,1
1578363900,254999,1
1578418500,250000,1
1578449700,246403,1
1578455400,255999,1
1578457200,255949,2
1578459000,255900,1
1578481200,246403,1
1578497700,254998,1
1578523800,249873,2
1578524100,244749,1
1578526800,250867,2
1578528600,256986,1
1578550800,259999,1
1578593700,257999,1
1578608700,245986,4
1578615900,252220,2
1578625500,251999,2
1578627300,249999,3
1578629100,255249,4
1578632700,251000,1
1578636600,255000,1
1578655500,257999,1
1578685800,245973,1
1578691200,251000,1
1578705900,255000,1
1578711600,249321,1
1578747000,250000,1
1578771300,249000,1
1578773100,248106,2
1578774900,247212,1
1578778500,251000,2
1578800700,271658,1
1578802500,259435,2
1578804300,247212,1
1578847800,259572,1
1578849600,255286,2
1578851400,251000,1
1578862500,235347,1
1578866100,247733,1
1578880800,248001,1
1578882600,244048,2
1578884700,240095,1
1578899400,258001,2
1578932400,255255,1
1578939900,255000,1
1578943500,260001,1
1579006800,258500,1
1579032600,260119,1
1579047300,250499,2
1579049100,256998,1
1579052700,247683,3
1579109100,244000,1
1579121700,248885,1
1579127400,248883,1
1579132800,248885,1
1579142100,240000,1
1579160400,243220,2
1579194600,248777,1
1579198500,248885,1
1579207500,240000,1
1579212900,244735,1
1579224000,248885,2
1579246200,249999,1
1579303800,240000,1
1579309500,241379,1
1579320600,247666,3
1579324200,241000,1
1579354200,232000,3
1579361700,245000,1
1579372800,241379,1
1579376400,229311,1
1579385400,239414,1
1579391100,244706,2
1579392900,249999,1
1579415100,230443,4
1579416900,231439,6
1579418700,233432,2
1579454400,238000,1
1579459800,236530,2
1579474500,235061,1
1579489200,248000,1
1579507800,239999,1
1579542000,246998,2
1579553100,246000,1
1579569600,233936,1
1579571400,236968,2
1579573200,240000,1
1579608900,232998,1
1579610700,228749,2
1579612500,224500,1
1579614300,232489,1
1579629300,232998,1
1579654500,232996,2
1579667400,229626,1
1579669500,231313,2
1579671000,233000,1
1579697700,230000,1
1579731000,229000,1
1579734600,229626,1
1579758600,218145,1
1579806900,224689,1
1579886100,270635,1
1579917000,221495,1
1579931400,225000,1
1579984800,220182,2
1579986600,219425,3
1579988400,217913,1
1579993800,217914,1
1580016000,193375,2
1580040300,204372,1
1580078700,190000,1
1580093400,204372,1
1580095200,199263,2
1580097000,194154,1
1580100600,215128,1
1580106000,178562,5
1580107800,182824,6
1580109600,204135,1
1580117400,208000,1
1580142900,200000,1
1580148300,196959,1
1580151900,198319,3
1580153700,199000,2
1580171700,207000,1
1580185200,207325,1
1580210400,200000,1
1580214000,188597,6
1580224800,205000,1
1580255400,180500,2
1580257200,187333,3
1580259000,201000,2
1580262600,165000,1
1580278800,200000,1
1580332800,192500,2
1580334600,191199,2
1580336400,198699,2
1580338200,200000,1
1580340000,195000,1
1580343600,197390,1
1580347200,190006,2
1580363400,192000,1
1580405100,196900,1
1580406900,193696,5
1580408700,192895,4
1580412300,199995,1
1580414100,197282,2
1580415900,194570,2
1580417700,197282,2
1580419500,195010,2
1580423100,183759,8
1580424900,184952,8
1580426700,194570,1
1580428500,199000,1
1580432100,194570,1
1580435700,194000,1
1580437500,194285,2
1580439300,194570,1
1580448300,197284,2
1580451900,200000,1
1580453700,197285,2
1580455500,194570,1
1580469900,190005,1
1580473500,185276,8
1580480700,190312,1
1580497200,194000,1
1580511900,195000,1
1580517300,192036,1
1580528100,178008,5
1580537100,188000,1
1580559600,200000,1
1580563200,190000,1
1580565300,193500,2
1580568900,189826,4
1580570700,191061,5
1580572500,196000,1
1580574300,195500,2
1580585400,185000,1
1580589000,187500,4
1580590800,195000,1
1580594400,189000,1
1580640000,181000,8
1580641800,182222,9
1580643600,192000,1
1580647500,182000,1
1580667600,181000,2
1580671200,179010,1
1580673000,179752,4
1580674800,180000,3
1580676600,187000,1
1580680200,188431,1
1580682000,186715,2
1580683800,185000,1
1580687400,190000,2
1580689200,191307,3
1580691000,180348,9
1580692800,178652,8
1580698200,187999,1
1580709300,205488,2
1580711100,222977,1
1580750100,186327,1
1580757600,190000,4
1580759400,190400,5
1580761200,192000,1
1580768400,182631,2
1580770200,183555,4
1580772000,184479,2
1580784600,189900,1
1580786400,176184,7
1580788200,173899,6
1580843700,204998,1
1580847300,187001,5
1580858400,186533,2
1580865600,177459,8
1580896500,230000,1
1580923500,218051,2
1580925300,206103,1
1580932500,217999,1
1580934300,208999,2
1580936100,200000,1
1580937900,189000,1
1580941800,181705,10
1580954400,193215,1
1580967000,186935,1
1580992800,187745,1
1581018300,184999,1
1581025500,179586,10
1581027600,180190,11
1581029400,186237,1
1581038700,178358,1
1581042300,187741,1
1581069900,170286,10
1581088800,183795,1
1581090600,181076,2
1581092700,178358,1
1581103500,172895,1
1581110700,171084,10
1581114300,180236,1
1581123600,174997,1
1581129000,170000,1
1581151200,172895,1
1581168000,158384,1
1581173400,168170,11
1581212100,175493,1
1581217500,166563,9
1581226500,166719,1
1581228300,170859,2
1581230100,175000,1
1581263700,168997,4
1581271200,168950,1
1581278400,174999,1
1581280200,174949,2
1581282000,162950,2
1581285600,165700,4
1581287400,161100,4
1581289200,164250,2
1581291000,173000,2
1581292800,174000,1
1581296400,175000,1
1581300000,169509,1
1581303600,169000,1
1581344400,167426,1
1581346500,161845,11
1581348300,161287,10
1581362700,167425,1
1581382500,167000,1
1581389700,157869,8
1581430800,167426,2
1581434400,160155,10
1581454500,164135,1
1581476100,167426,1
1581499800,156872,12
1581507300,163278,1
1581518400,167425,1
1581559800,156372,10
1581561600,156916,11
1581563400,162357,2
1581594300,160499,4
1581638100,159820,1
1581647400,155314,10
1581649200,155049,11
1581651000,152398,1
1581667200,159820,1
1581689700,155000,1
1581727800,148579,4
1581732900,155000,1
1581735600,151433,2
1581735900,155000,1
1581736500,151433,2
1581737400,147866,1
1581738300,148933,2
1581740100,151250,4
1581741600,151666,3
1581752100,154000,1
1581768600,154999,1
1581788700,154000,1
1581805500,154999,1
1581810600,150000,1
1581816600,137108,1
1581818400,144304,2
1581819000,137108,1
1581819300,144304,2
1581819900,146842,3
1581821700,151710,2
1581827100,154999,1
1581865800,148000,1
1581870300,145719,3
1581870900,148000,2
1581871500,145719,3
1581872700,141157,1
1581873000,145719,3
1581873300,141157,1
1581875400,145219,1
1581882600,151919,1
1581891300,151000,1
1581899400,148975,10
1581902400,146893,14
1581902700,142793,5
1581903000,146893,14
1581903300,142793,5
1581904800,143528,6
1581905400,142793,5
1581905700,143528,6
1581906000,147205,2
1581916500,148558,1
1581921600,148585,1
1581946800,148586,1
1581961800,137586,10
1581966900,143890,1
1581985200,137872,1
1581998400,145128,1
1582014600,144000,1
1582026000,141000,1
1582026600,134688,10
1582028700,133987,9
1582030500,140000,1
1582071600,141729,1
1582075500,141633,3
1582130100,141729,1
1582150200,144111,1
1582150800,139055,2
1582151100,144111,1
1582151700,139055,2
1582152000,137370,3
1582152300,139055,2
1582152600,137370,3
1582153500,134000,2
1582153800,137370,3
1582154100,134000,2
1582158900,138636,1
1582162500,135276,12
1582162800,135534,13
1582163100,135276,12
1582191000,145567,1
1582194900,138636,1
1582213800,137222,1
1582217400,131987,5
1582219200,132743,6
1582221000,136527,1
1582243200,136613,1
1582251900,138306,2
1582252200,136613,1
1582252500,138306,2
1582252800,140000,1
1582263000,137900,1
1582283700,137000,1
1582314900,136806,2
1582324500,133999,1
1582332900,130289,12
1582341600,135000,1
1582363800,133603,1
1582410900,130000,1
1582413900,127741,7
1582415700,127365,6
1582428300,130263,2
1582430100,136943,6
1582431900,140283,4
1582452300,133599,1
1582472700,131111,1
1582494600,131860,1
1582496100,134930,2
1582497900,138000,1
1582512900,140283,1
1582517700,131860,1
1582555500,130349,1
1582574700,129000,1
1582583700,130349,1
1582584900,130175,2
1582585200,130349,1
1582585500,130175,2
1582587600,130001,1
1582627800,135123,1
1582662000,127906,1
1582670700,135000,1
1582676400,136000,1
1582681800,136866,1
1582702500,121511,1
1582761300,128313,1
1582778100,121898,1
1582799100,134728,1
1582809000,133569,1
1582842300,127668,1
1582891800,132261,1
1582893900,124495,4
1582894200,125358,3
1582894500,124495,4
1582895100,125358,3
1582895400,124495,4
1582895700,121907,3
1582905000,132261,1
1582914000,140000,1
1582925100,132261,1
1582934100,125963,1
1582934700,125981,2
1582935000,125963,1
1582935600,125981,2
1582936500,125987,3
1582937400,126000,2
1582938300,125987,3
1582938600,126000,2
1582960200,139994,1
1582986600,147000,1
1582989900,139000,1
1582990500,147000,1
1582990800,139000,1
1582992900,135500,2
1582993200,139000,1
1582993500,132000,1
1582993800,135500,2
1582994100,132000,1
1583002200,139000,1
1583008200,131997,1
1583016000,126986,1
1583052300,127163,1
1583064000,129999,1
1583087100,127163,1
1583096100,122000,4
1583101500,127163,1
1583105100,132000,1
1583108700,138777,3
1583161800,138000,1
1583163600,129453,4
1583165100,126604,3
1583196000,138000,1
1583199600,126604,1
1583199900,138000,1
1583200200,126604,1
1583230200,125750,4
1583236500,138000,1
1583254500,125803,1
1583268300,125499,1
1583290500,138000,1
1583316300,135000,1
1583333100,132000,1
1583418300,127212,1
1583433000,126000,1
1583438700,127000,1
1583478900,132000,1
1583490300,130777,1
1583525100,126179,1
1583526900,129089,2
1583528700,131369,1
1583530500,127195,2
1583532300,123021,1
1583554200,132000,1
1583555100,127007,2
1583555400,132000,1
1583556000,124511,4
1583556300,127007,2
1583556600,124511,4
1583557800,122015,3
1583558400,124511,4
1583558700,122015,2
1583583900,128721,1
1583604000,145000,1
1583627700,144998,1
1583649600,145000,1
1583675700,132612,2
1583691900,128000,1
1583726400,144000,1
1583735700,150000,1
1583741100,151000,1
1583813700,150000,1
1583841600,136000,1
1583858100,135010,2
1583861700,137363,1
1583868900,149000,1
1583883300,133445,2
1583887200,148000,1
1583902800,134433,1
1583904600,132627,2
1583905800,130822,1
1583931600,140000,1
1583948100,137363,1
1583984100,131513,1
1583998500,143000,2
1584043500,132364,1
1584047100,140000,1
1584054300,139500,1
1584057900,138000,1
1584120600,128436,1
1584126000,140711,1
1584131400,143000,1
1584156900,143500,2
1584175200,140000,1
1584231900,139999,1
1584240900,136250,4
1584270300,141650,1
1584273900,135001,1
1584292500,141650,1
1584299700,135395,1
1584312600,142164,1
1584323700,135395,1
1584340200,139000,1
1584380700,138000,2
1584387900,134233,1
1584391500,137808,4
1584414900,133252,4
1584427500,140000,1
1584442500,140944,1
1584477300,140000,1
1584480900,134216,1
1584488100,140900,1
1584498900,140000,1
1584502500,143000,1
1584536100,140000,1
1584555900,133759,1
1584563100,140000,1
1584583200,130003,3
1584612300,140000,1
1584614400,135000,2
1584616200,130001,1
1584625500,133778,1
1584630900,139999,1
1584647400,139852,1
1584658200,133031,1
1584660000,133160,5
1584662100,133193,6
1584709500,132896,1
1584738600,140000,1
1584745800,132896,1
1584749700,139500,1
1584773400,140000,1
1584810300,134670,1
1584812100,137335,2
1584813900,140000,1
1584824700,137000,1
1584830100,139500,1
1584835800,134670,1
1584843000,121541,1
1584855900,134670,2
1584870600,136420,1
1584894300,139500,1
1584899700,136480,2
1584901500,133230,2
1584903300,133000,1
1584916200,137000,3
1584923400,136730,2
1584929100,140000,1
1584934500,133458,1
1584936300,133459,2
1584971100,133460,1
1585011300,133858,1
1585020600,144000,1
1585022700,144500,2
1585024500,145000,1
1585069200,133051,1
1585078200,133033,1
1585083600,132000,1
1585109100,140300,1
1585155000,140000,1
1585171200,133500,1
1585189500,133322,1
1585249200,140000,1
1585251000,137172,4
1585252800,136229,3
1585260000,134463,1
1585265400,134000,1
1585270800,129463,2
1585272600,131084,5
1585274700,132165,3
1585281900,137571,1
1585305900,139950,1
1585326300,135000,1
1585328100,130160,3
1585329900,127741,2
1585333500,137000,1
1585344600,139998,1
1585348200,138000,1
1585353900,133892,1
1585362900,136446,2
1585374000,135500,2
1585386900,134964,3
1585408800,135000,1
1585432500,134999,4
1585447200,132746,1
1585465200,132000,1
1585492800,131479,1
1585501800,138052,1
1585505400,131479,1
1585507200,129988,3
1585509000,129243,2
1585519800,135999,1
1585525200,137555,1
1585527000,136777,2
1585529100,135999,1
1585532700,137995,3
1585534500,137495,4
1585536300,135996,1
1585566000,131479,1
1585588200,135000,1
1585600800,137000,1
1585611900,131178,1
1585615500,137736,1
1585628400,131666,3
1585634100,131178,1
1585643400,133589,2
1585645200,136000,1
1585665300,134888,2
1585671000,131178,1
1585703700,105960,1
1585731600,130089,1
1585751700,134993,1
1585757100,130089,1
1585761000,134000,1
1585762800,128000,2
1585764600,122000,1
1585784700,135990,1
1585791900,133845,2
1585793700,133807,5
1585795500,127640,6
1585797300,121500,4
1585801200,127472,1
1585806600,127250,1
1585839600,127472,1
1585854000,126000,1
1585855800,125657,2
1585857600,125315,1
1585870500,130000,1
1585877700,131000,1
1585892400,130000,1
1585955100,131500,1
1585960800,131995,1
1585966200,131725,1
1585968000,131860,2
1585969800,131995,1
1585977000,119264,1
1585979100,125629,2
1585980900,131995,1
1586022900,116998,2
1586024700,112365,3
1586026800,103100,1
1586028300,125856,1
1586033700,121500,8
1586053500,134000,1
1586066100,123800,1
1586075400,134000,1
1586104500,131500,2
1586106300,129432,3
1586108100,125297,1
1586127900,131561,1
1586131500,125297,1
1586137200,130000,1
1586151600,129998,1
1586155200,134069,1
1586158800,132178,1
1586173500,125570,1
1586175300,125727,2
1586177100,125884,1
1586188200,125100,1
1586191800,125884,1
1586229900,119590,1
1586239200,125884,1
1586270100,125883,1
1586293800,117834,1
1586299500,124035,1
1586339700,125500,1
1586348700,121834,1
1586400300,122000,1
1586411100,127000,1
1586420100,125999,1
1586422200,126799,5
1586424000,127000,4
1586447700,121834,1
1586467500,126900,1
1586469300,127950,2
1586471100,129000,1
1586485500,128000,1
1586491200,113544,1
1586533800,119516,1
1586548500,117347,5
1586553900,124500,1
1586562900,110000,1
1586564700,114069,2
1586566500,118138,1
1586568300,110001,2
1586573700,124500,1
1586589900,129000,1
1586606100,116401,1
1586622300,116000,1
1586633400,116401,1
1586642400,116301,1
1586649600,115000,1
1586660400,121111,1
1586667900,116401,1
1586711700,115276,1
1586788800,113796,1
1586805000,118500,1
1586817600,116850,2
1586819400,115200,1
1586823000,111398,2
1586830200,113796,1
1586834100,108107,1
1586861400,111876,1
1586867100,100000,1
1586886900,110990,1
1586888700,111433,2
1586890500,111876,2
1586892300,113958,3
1586894100,115000,2
1586899500,117000,1
1586904900,111876,1
1586950200,102000,1
1586959200,110939,7
1586968500,115500,1
1586975700,108536,2
1586977500,109048,3
1586979300,110073,1
1586988300,112762,6
1586991900,110073,1
1587053100,112036,2
1587054900,114000,2
1587074700,108577,3
1587076800,110288,2
1587078600,110192,3
1587080400,110000,1
1587082200,108577,1
1587089400,110000,1
1587098400,103149,1
1587102300,112000,1
1587113100,111000,1
1587154800,107972,1
1587156600,109112,2
1587158400,110253,1
1587164100,108824,3
1587167700,109996,1
1587182100,106219,4
1587187500,104950,1
1587227700,109000,1
1587236700,103000,1
1587269400,106000,1
1587276600,104949,1
1587280200,104950,1
1587327300,92798,1
1587330900,101998,1
1587339900,92798,1
1587343800,97810,2
1587345600,102823,1
1587347400,92798,1
1587351000,102823,1
1587358200,97682,1
1587361800,100000,1
1587369300,101500,1
1587371100,97250,2
1587372900,95833,3
1587374700,93000,1
1587378600,98199,4
1587391200,96498,1
1587393000,95749,2
1587394800,95000,1
1587405600,100000,2
1587411300,97259,2
1587414900,100542,1
1587420300,96000,1
1587427500,90517,1
1587432900,95519,1
1587452700,96000,1
1587473100,100546,1
1587480300,96550,2
1587505800,93100,1
1587528000,94000,1
1587555900,90191,1
1587565200,94000,1
1587588600,91999,1
1587597900,81398,1
1587630900,94935,1
1587651300,91999,2
1587658800,92000,1
1587664200,91397,3
1587666000,90192,1
1587671400,91000,1
1587722700,91277,1
1587728100,91000,1
1587742800,89092,1
1587757500,89053,2
1587777300,89106,1
1587784800,89000,1
1587790200,84651,1
1587797400,92000,1
1587812400,89000,1
1587819600,85759,1
1587825000,89000,1
1587828900,81882,1
1587841500,86841,1
1587854100,89000,1
1587859800,86841,1
1587874200,84000,1
1587878100,85075,1
1587881700,89000,1
1587883500,84911,2
1587887100,89000,1
1587888900,85075,1
1587925500,88500,1
1587929400,85075,1
1587940200,89000,2
1587945600,82500,2
1587947400,80666,3
1587949200,77000,1
1587954600,85075,1
1587956400,86050,3
1587958500,86537,2
1587978600,80068,1
1588000500,87000,1
1588005900,85427,3
1588022100,80068,2
1588035000,84000,1
1588044000,85000,1
1588073400,87000,1
1588089900,84274,1
1588097100,82650,1
1588100700,78518,1
1588133400,88000,4
1588164600,82650,1
1588175400,86499,1
1588180800,86000,1
1588189800,86499,1
1588191600,83488,4
1588195500,84520,2
1588197300,82542,1
1588208100,80000,2
1588269900,77900,2
1588277100,77000,1
1588282500,80000,1
1588344300,76001,1
1588353300,79000,1
1588356900,74500,1
1588393200,78107,1
1588411500,75000,1
1588440600,59058,1
1588453500,76000,1
1588455300,67895,3
1588457100,63843,2
1588475400,75000,1
1588524900,73942,1
1588539300,76322,1
1588550400,73942,1
1588564800,80000,1
1588603500,80001,1
1588617900,85000,1
1588625100,84160,13
1588643700,76927,1
1588647300,73262,1
1588673100,72275,1
1588678800,76927,1
1588707900,75888,2
1588720500,74081,2
1588722300,72275,1
1588737000,74000,1
1588753500,86782,1
1588770000,75813,2
1588791900,72203,1
1588806300,68593,1
1588811700,61906,1
1588848000,75000,1
1588850100,79291,2
1588851900,83583,1
1588853700,68593,1
1588857300,88993,1
1588864500,74011,2
1588866300,74612,3
1588868100,75813,1
1588906200,72053,1
1588929900,83408,1
1588941000,79437,1
1588942800,81422,2
1588944600,83408,1
1588946400,70500,2
1588978800,68935,1
1588991700,72000,1
1589053500,72118,1
1589079000,97000,1
1589084700,89999,1
1589090100,75723,1
1589103000,110000,1
1589121000,99500,1
1589122800,94749,2
1589124600,89999,1
1589130300,99499,1
1589141100,129200,5
1589142900,115000,2
1589144700,80000,1
1589157300,100000,1
1589164500,107634,1
1589181000,75001,2
1589206500,88774,1
1589208300,89182,3
1589210100,89386,2
1589253600,84999,1
1589260800,80290,4
1589271600,87972,1
1589278800,92500,1
1589300700,80795,1
1589306100,80793,1
1589327700,76948,1
1589336700,89075,1
1589380500,81921,1
1589382300,78460,2
1589384400,75000,1
1589400900,74119,1
1589404500,88977,1
1589409900,74119,1
1589417100,80900,1
1589435100,78000,1
1589444100,84999,1
1589466000,81917,1
1589502300,77327,1
1589522400,81700,1
1589529600,78045,1
1589556900,78043,1
1589560500,81500,1
1589562300,77821,2
1589564100,76094,2
1589565900,78045,1
1589571300,81700,1
1589634600,80000,1
1589636400,77500,2
1589638200,75000,1
1589640000,80000,1
1589660100,77185,1
1589678100,81044,1
1589683500,78045,2
1589690700,75000,2
1589698200,81044,1
1589700000,79544,2
1589701800,78045,1
1589714400,76923,1
1589779800,76731,1
1589781600,72910,3
1589783400,71000,2
1589785200,78500,1
1589792400,76000,1
1589821500,80769,1
1589832300,75821,1
1589841300,77656,1
1589843100,76738,2
1589844900,75821,1
1589863200,78500,1
1589879400,80760,1
1589888700,75693,2
1589904900,79999,1
1589919300,81044,1
1589950200,79477,1
1590003000,79998,1
1590013800,72455,1
1590030000,79500,1
1590032100,79350,2
1590033900,79200,1
1590066600,79500,2
1590072000,79299,1
1590117300,80000,1
1590160800,77478,2
1590162600,77119,3
1590164400,76401,1
1590171600,76400,1
1590175200,79250,1
1590182400,72580,1
1590189600,73853,3
1590191400,73392,4
1590193500,72008,1
1590249600,89500,2
1590253200,82998,1
1590262200,85000,1
1590269700,75419,1
1590271500,77300,2
1590273300,79182,1
1590289500,78435,5
1590305700,79189,1
1590339900,79187,1
1590343800,74401,3
1590345600,72008,2
1590360000,78000,1
1590423300,75435,1
1590432300,77320,2
1590434400,79206,1
1590447000,74004,4
1590450600,75435,1
1590464700,82998,1
1590466500,85499,2
1590468300,88000,1
1590553200,79380,1
1590575100,79000,1
1590586200,75841,1
1590598800,75871,1
1590637200,78950,1
1590639000,77410,2
1590640800,75871,1
1590653700,80435,2
1590690300,78000,1
1590721200,79000,1
1590733800,75505,1
1590763800,79000,1
1590765600,79495,2
1590767400,79991,1
1590769200,79000,2
1590772800,82000,1
1590803700,85000,1
1590874500,75931,1
1590896100,79727,1
1590906900,73374,1
1590908700,75937,2
1590910500,78500,1
1590915900,80000,1
1590925200,78617,2
1590927000,79078,3
1590928800,80000,1
1590936000,79000,1
1590955800,78452,3
1590981300,79000,1
1590986700,95000,1
1591010400,81998,1
1591044900,76500,1
1591046700,76614,2
1591048500,76728,1
1591055700,187745,1
1591065000,167480,1
1591092300,100000,1
1591130400,83997,1
1591151100,77745,1
1591156500,83499,1
1591201800,81632,1
1591209000,79160,3
1591230900,81000,1
1591236300,87000,2
1591239900,90000,1
1591241700,82209,2
1591243500,74418,1
1591250700,82209,2
1591252500,90000,1
1591263600,50000,1
1591293000,78958,1
1591320000,80000,1
1591321800,79479,2
1591323600,78958,1
1591327500,89999,1
1591329300,78958,1
1591389600,88000,1
1591402200,82500,2
1591404000,80666,3
1591405800,77000,2
1591414800,79000,1
1591455000,86998,1
1591467600,82000,4
1591475100,79000,1
1591476900,81997,2
1591478700,84995,1
1591485900,72008,3
1591489500,89999,1
1591511400,90000,1
1591517100,99997,1
1591557300,78796,1
1591566300,79367,2
1591569900,76000,1
1591578900,82735,1
1591644900,79525,6
1591661100,91499,2
1591668300,78000,1
1591670100,85000,2
1591671900,92000,1
1591693800,94994,1
1591737300,83500,2
1591742700,78000,2
1591805100,89997,1
1591810500,85254,1
1591817700,81195,1
1591827000,79971,4
1591830600,87111,1
1591836000,90000,1
1591845000,93998,4
1591872600,81195,1
1591888800,91071,1
1591890600,82357,3
1591892400,78000,2
1591896000,90000,1
1591905000,83000,1
1591921500,89992,1
1591948500,86712,1
1591985100,80000,1
1591988700,94994,1
1591999500,91995,1
1592017800,80000,4
1592019600,81000,5
1592021400,85000,1
1592023200,94994,1
1592037600,93234,1
1592081400,149976,1
1592132400,139647,1
1592136000,115000,1
1592146800,139647,1
1592185200,120000,1
1592194200,145000,1
1592201700,100208,1
1592236200,110478,1
1592301600,130000,1
1592359800,108337,1
1592363400,93587,1
1592377800,200000,1
1592408700,105000,1
1592454000,64266,1
1592548800,101710,1
1592554500,100000,1
1592559900,95375,1
1592594400,109998,1
1592601600,108500,1
1592605200,89504,1
1592677800,105218,1
1592697600,109333,3
1592708400,119998,1
1592763300,175000,1
1592779800,175124,1
1592794200,175000,1
1592803500,205646,1
1592823600,129998,1
1592871000,175000,1
1592954700,200000,1
1592980200,150000,1
1593049500,195000,1
1593053100,199999,1
1593111600,163993,1
1593117000,160000,1
1593128100,145000,1
1593146100,194998,1
1593153300,198999,1
1593159000,152000,3
1593217200,143305,1
1593284700,183999,1
1593310200,143306,1
1593312000,150644,5
1593313800,152479,4
1593361200,160500,1
1593377700,150000,1
1593379500,146498,4
1593381300,142997,2
1593383100,134000,1
1593403200,141847,1
1593445200,143449,1
1593459900,145000,3
1593479700,147999,1
1593494400,145000,1
1593543600,150000,1
1593552900,144999,1
1593565500,145002,1
1593580200,138442,1
1593610500,145365,1
1593657900,151444,1
1593718200,152311,3
1593725400,139487,1
1593748800,146461,1
1593792900,147250,1
1593816600,133381,1
1593862200,147421,1
1593894900,180000,1
1593915000,142000,1
1593929400,184998,1
1593931500,163499,2
1593933300,142000,1
1593960600,147000,1
1593994800,149660,1
1594014900,135408,1
1594049700,126248,1
1594056900,145000,1
1594114200,139403,1
1594137600,145000,1
1594148400,140000,1
1594157400,149660,2
1594159200,148073,3
1594161000,144900,1
1594210500,138000,1
1594238700,107356,1
1594251300,143998,1
1594273200,145675,2
1594287900,149660,1
1594378800,185000,4
1594404900,140000,1
1594415700,138638,1
1594419300,184000,1
1594421100,175000,1
1594439700,145569,1
1594472400,183000,1
1594485000,184000,1
1594486800,163500,2
1594488600,159000,2
1594490400,153666,3
1594492200,143000,3
1594517700,149388,3
1594519500,162165,1
1594530300,162924,1
1594557600,155998,2
1594575900,135002,1
1594594200,145000,1
1594704900,140392,4
1594761000,135000,1
1594824300,128922,1
1594835100,135707,1
1594874700,130000,1
1594881900,160160,1
1594903800,135707,2
1594905600,128922,1
1594911000,142492,1
1594927200,130000,3
1594930800,133961,1
1594932600,131441,2
1594934400,128922,1
1594941600,133962,1
1595032800,137517,1
1595049300,130969,1
1595052900,137173,1
1595119800,104996,1
1595154000,113440,1
1595174100,120000,1
1595179500,128906,1
1595183100,126532,4
1595186700,120000,1
1595190300,119999,1
1595266500,125694,1
1595279100,135757,1
1595375100,125000,1
1595415900,134000,1
1595463300,121689,2
1595465100,122534,4
1595466900,123379,2
1595468700,138757,1
1595547600,129305,4
1595553000,134000,1
1595593200,126127,1
1595616000,137996,1
1595648700,139757,1
1595688900,136000,1
1595697900,133417,2
1595703300,139169,1
1595719800,135000,1
1595721600,131333,2
1595723400,127666,1
1595750400,127664,1
1595783100,121172,1
1595791200,117431,2
1595800200,121172,1
1595814900,115114,1
1595825700,127549,1
1595836500,130000,1
1595850300,129900,1
1595907600,127000,1
1595911200,129417,1
1595913000,129456,2
1595914800,129495,1
1595920200,123262,1
1595944500,117099,1
1595957100,121999,1
1595983500,128700,1
1596022200,121179,1
1596029400,127757,1
1596061500,127000,1
1596126600,125123,1
1596133800,119165,1
1596153900,117675,4
1596155700,113207,3
1596175500,125100,1
1596219600,113207,1
1596254100,117741,1
1596264900,120144,3
1596266700,124950,1
1596276000,124400,1
1596308700,123998,1
1596368700,125000,1
1596392400,118407,1
1596394200,121765,2
1596397800,120000,1
1596490800,118232,1
1596582900,114997,2
1596674400,115000,1
1596685500,109515,1
1596761700,113846,1
1596776700,119538,4
1596850500,120081,1
1596855900,118836,1
1596924600,117998,1
1596937200,112077,2
1596946500,124999,4
1597008300,124949,2
1597022700,124999,1
1597039200,120000,1
1597052100,124999,1
1597080600,124000,2
1597096800,113222,1
1597104000,97074,1
1597113300,124500,1
1597116900,123998,1
1597127700,124500,1
1597184700,119416,1
1597202700,113610,1
1597215600,120950,1
1597255500,118900,1
1597266300,102534,1
1597278600,71607,2
1597282200,107660,1
1597289700,110000,1
1597328100,113610,1
1597353300,110000,1
1597377900,106443,1
1597396200,110000,1
1597436100,108616,1
1597439700,100000,1
1597449000,108616,3
1597530300,100357,1
1597542900,99999,4
1597611600,99996,1
1597672500,95393,1
1597703400,95000,1
1597725000,95393,1
1597761900,95300,1
1597763100,95346,2
1597826100,93000,1
1597851300,93228,1
1597862400,93098,1
1597933500,93150,1
1597937100,89000,1
1597940700,85815,1
1597953300,93150,1
1597992000,90000,1
1598013000,95000,1
1598045400,88200,1
1598052000,87243,2
1598088300,88933,1
1598103900,93451,1
1598110500,83419,1
1598121900,87808,1
1598143800,90000,1
1598149200,87809,1
1598160000,94999,1
1598211600,90000,1
1598218200,83463,4
1598226000,82380,1
1598240400,86715,1
1598260500,85848,1
1598300100,99900,1
1598307900,90000,1
1598316900,87998,1
1598354400,90000,1
1598386500,86371,1
1598398800,100413,1
1598404500,86371,1
1598426100,108000,1
1598474700,88084,1
1598500200,92850,1
1598595000,88578,2
1598604000,110000,1
1598611500,88578,1
1598622000,115000,1
1598641200,88578,1
1598643000,86806,2
1598644800,85034,1
1598703000,90000,1
1598721000,88578,2
1598745600,93000,1
1598749200,85492,1
1598769000,115000,1
1598820300,85492,1
1598847600,98000,1
1598856600,90000,1
1598873400,90668,1
1598881200,86580,26
1598934600,95500,1
1598954400,122202,1
1598967300,129947,1
1598972400,96599,1
1599005100,111000,1
1599008700,110000,1
1599015900,127547,4
1599038100,126500,1
1599185700,119000,1
1599189300,118999,1
1599209100,99500,1
1599223500,109698,1
1599227100,119000,1
1599262800,118900,1
1599342600,100000,1
1599351600,115000,2
1599400500,84000,1
1599414900,94432,2
1599416700,98865,1
1599423900,103070,1
1599427500,102000,1
1599436500,103000,1
1599471000,98865,1
1599501900,100000,1
1599510000,100201,1
1599547200,101000,1
1599570000,104999,2
1599577200,105000,1
1599602400,104972,1
1599606900,95501,1
1599610500,100203,1
1599614100,99998,1
1599619500,100203,1
1599637500,105000,1
1599657000,103891,1
1599697200,100998,2
1599771000,100000,1
1599782700,104999,1
1599806100,103009,1
1599828000,101900,1
1599841500,97789,1
1599859500,101900,1
1599881400,98999,1
1599886800,97789,3
1599890400,98595,3
1599892200,98998,2
1599915300,110000,1
1599995100,98995,1
1600025400,99312,1
1600036200,99500,1
1600043400,103495,1
1600082700,100000,1
1600088100,99400,1
1600089900,99699,2
1600091700,99601,3
1600093500,99403,2
1600097100,110000,1
1600099200,109816,2
1600101000,109632,2
1600111800,116500,2
1600125000,130000,1
1600179600,111999,1
1600182900,110000,1
1600189800,101587,1
1600289700,114000,1
1600291500,114499,2
1600293600,114999,1
1600324200,107500,1
1600356900,113039,1
1600380300,107657,3
1600405500,102275,1
1600409100,107657,1
1600418100,109880,1
1600431000,107321,1
1600477500,112681,1
1600512000,111850,1
1600528200,110000,1
1600530000,106380,3
1600530600,108568,2
1600531500,104629,5
1600533300,102003,3
1600539900,107137,1
1600565400,112000,1
1600585200,107137,1
1600597500,107098,1
1600601400,112000,1
1600628400,106992,1
1600657500,107098,1
1600718700,105682,1
1600724400,110400,1
1600758600,105682,1
1600798800,109999,1
1600804200,105994,1
1600817700,106000,1
1600833900,104411,1
1600837500,110000,1
1600863000,102000,1
1600885500,104376,1
1600905600,110000,1
1600914900,104376,1
1601006700,104199,1
1601010300,106276,2
1601025000,102823,1
1601062800,105000,1
1601073600,107000,1
1601088000,99111,1
1601100900,108390,4
1601102700,108283,5
1601104500,107854,1
1601108100,103000,1
1601131800,104199,1
1601135100,104599,2
1601137200,105000,1
1601142600,109999,1
1601146200,103000,1
1601153400,114000,1
1601160900,113551,1
1601164500,105000,2
1601191800,108144,1
1601219100,102995,1
1601224500,115000,1
1601233500,120643,3
1601240700,122473,2
1601244300,129947,1
1601255100,109000,1
1601305800,114900,1
1601321700,105684,1
1601334900,130000,1
1601382000,110000,1
1601413800,111000,1
1601476800,106990,1
1601494800,111863,1
1601523900,106537,1
1601572500,106000,1
1601649300,104000,1
1601656500,107999,1
1601670900,105999,1
1601672700,104999,2
1601674500,103999,1
1601685300,110000,1
1601723700,104000,1
1601762100,99539,1
1601767500,104776,1
1601774700,102158,2
1601815800,97332,2
1601868300,107576,1
1601879100,107500,1
1601906700,102454,1
1601943900,100228,2
1601999700,99838,1
1602036900,102222,3
1602049500,95116,3
1602123300,104000,1
1602167700,100000,1
1602180300,99999,1
1602189300,97586,1
1602204600,122031,1
1602213600,110000,1
1602215400,106232,2
1602240600,103000,1
1602275400,109000,1
1602278700,101200,1
1602293100,109000,2
1602300300,123000,1
1602318600,95850,1
1602366600,103000,1
1602389700,124995,1
1602419400,102000,1
1602474300,110000,1
1602486900,100000,1
1602503400,107040,2
1602504300,109009,3
1602504900,107040,2
1602505200,109009,3
1602506100,112947,1
1602516300,101133,1
1602528900,100566,2
1602541500,105500,1
1602548700,101133,1
1602642000,114995,1
1602686400,114000,1
1602706200,113999,1
1602736500,150000,1
1602787800,104434,1
1602789600,109712,2
1602791400,114990,1
1602793200,106000,1
1602804000,104434,1
1602861900,106996,1
1602894600,109538,3
1602896400,109446,5
1602898200,109308,2
1602916500,109000,1
1602968700,103248,1
1602970500,109124,2
1602972600,115500,2
1602974400,116000,1
1602983400,103248,1
1603042800,114900,1
1603204800,107556,1
1603224600,104000,1
1603241700,107556,2
1603328100,104000,1
1603338900,104435,4
1603390200,104000,1
1603393800,103357,2
1603399200,102279,1
1603467600,107000,1
1603513200,104999,2
1603541700,99775,1
1603572300,103000,1
1603593000,106000,1
1603609200,99775,1
1603641000,108998,1
1603648200,107000,4
1603662600,99632,1
1603682400,104613,1
1603753500,103000,1
1603766700,102000,1
1603797600,110000,1
1603808400,106000,1
1603830000,114000,1
1603845000,105354,1
1603855500,114000,1
1603864500,105000,1
1603924800,110000,2
1604004600,102604,1
1604030700,110000,1
1604046900,122990,1
1604108400,105555,1
1604128500,93087,1
1604135700,95543,2
1604137500,98000,1
1604144700,97986,1
1604161800,105555,1
1604165400,103143,1
1604208900,106877,1
1604225100,101796,1
1604280000,110865,1
1604290800,100803,1
1604317800,103000,1
1604352300,105312,1
1604362500,110577,1
1604406600,102000,1
1604439300,101363,1
1604478300,103000,1
1604502600,114900,1
1604550300,151921,1
1604661900,115000,1
1604669100,104430,1
1604678100,106000,1
1604689200,105500,2
1604702100,105207,1
1604745900,106000,1
1604751300,120000,1
1604789700,115000,2
1604793300,115597,1
1604795100,112798,2
1604796900,110000,1
1604817000,115597,1
1604873100,104430,1
1604876700,118184,1
1604934000,120000,1
1604979900,109121,1
1604985300,114577,1
1605045600,114999,1
1605056700,110760,2
1605109200,116290,1
1605136800,113556,3
1605146100,104600,1
1605195900,112284,4
1605204900,117886,1
1605211800,112284,1
1605215400,117886,1
1605221100,117659,5
1605225000,112284,1
1605267300,136580,1
1605296400,107160,1
1605300000,124359,1
1605307200,112799,1
1605309000,117028,4
1605310800,118438,3
1605327000,200919,2
1605328800,203879,2
1605329100,200919,2
1605329400,203879,2
1605330600,124359,1
1605330900,203879,2
1605331500,124359,1
1605332400,132179,2
1605333000,140000,1
1605374100,113321,1
1605386700,109422,4
1605405300,130000,1
1605419400,118987,1
1605448500,130779,2
1605450300,121999,4
1605452100,118812,3
1605453300,121551,2
1605453900,130000,1
1605468600,112000,4
1605481200,108123,4
1605486300,112973,1
1605486600,110548,2
1605486900,112973,1
1605487500,110548,2
1605488400,109335,4
1605490200,108123,2
1605554700,125000,1
1605631500,113387,1
1605662100,116000,1
1605730200,113683,4
1605733200,113745,2
1605774900,150000,1
1605834600,113747,7
1605836400,114507,10
1605838200,116281,3
1605883500,124730,1
1605892500,130000,1
1605912300,130973,1
1605918000,104312,40
1605919800,104751,41
1605921600,122324,1
1605956100,132315,3
1605976800,125949,1
1605981900,119961,1
1606025100,125959,1
1606065000,124959,1
1606078500,123998,1
1606079700,109234,4
1606081800,104313,3
1606082100,109234,4
1606082400,104313,3
1606082700,109234,4
1606118700,130000,1
1606122600,120001,1
1606163400,130000,1
1606193700,118549,1
1606200900,138000,1
1606239000,148000,1
1606251900,135000,1
1606313700,128382,1
1606324800,155000,1
1606346700,124627,1
1606360800,175000,1
1606364700,131000,1
1606384500,149000,1
1606422900,180000,1
1606438500,135000,4
1606484400,169999,1
1606488900,135000,1
1606524300,151587,4
1606545900,160000,1
1606574400,149000,1
1606575300,142250,4
1606592100,156430,1
1606603200,150000,1
1606650000,148999,2
1606671900,149998,1
1606702800,150000,1
1606742700,139000,1
1606763400,140000,1
1606781100,108776,6
1606795500,144887,1
1606845600,129689,1
1606884000,136514,1
1606918500,129689,1
1606953900,132840,1
1607020200,139998,1
1607025600,140000,1
1607112600,134994,1
1607119800,133354,1
1607193000,130000,1
1607222100,142249,1
1607227500,128703,1
1607234700,142241,1
1607278800,143448,3
1607286000,999000,3
1607295000,143448,1
1607380800,139076,1
1607382600,141038,2
1607384400,143000,1
1607421000,139076,1
1607439000,145037,2
1607464800,146311,1
1607504700,146313,1
1607508600,145000,1
1607595600,144770,2
1607646900,140039,4
1607732100,145000,1
1607806500,139027,1
1607810100,145970,1
1607824500,145978,1
1607841000,140000,1
1607871600,139352,1
1607879100,146311,1
1607889900,143999,1
1607891700,141675,2
1607893500,139352,1
1607924100,150000,1
1607929800,400000,1
1607985900,141183,1
1608002400,144996,1
1608040500,141183,1
1608069300,141146,1
1608102000,141000,1
1608140100,144000,1
1608190800,149999,1
1608201900,150000,1
1608285900,149999,1
1608355500,148139,2
1608368100,141085,1
1608377100,612250,4
1608409800,290000,1
1608415200,145000,1
1608420900,148127,1
1608428100,160000,1
1608473400,143359,1
1608621000,144196,1
1608666300,154999,1
1608671700,155000,1
1608700800,154999,1
1608719100,150000,1
1608720900,152499,2
1608722700,154999,1
1608753600,154856,1
1608755400,151176,2
1608757200,147497,1
1608759000,154856,4
1608762600,155000,1
1608784200,166871,4
1608805800,154996,1
1608849300,156874,1
1608894600,158000,1
1608912900,151415,1
1608916500,160000,1
1608932700,158000,4
1608965400,160000,1
1609026000,158000,1
1609044000,159631,1
1609076700,158800,1
1609107600,151313,3
1609182300,155000,1
1609191300,152248,1
1609198500,159852,1
1609205700,159857,2
1609242300,152249,1
1609276800,151352,24
1609278600,151313,23
1609294800,152249,1
1609349400,151379,14
1609372800,151313,4
1609380300,155000,1
1609385700,151313,3
1609472700,158000,1
1609514100,152862,1
1609517700,160000,1
1609535700,158000,1
1609630200,155000,1
1609639200,158000,1
1609668300,400000,1
1609733400,160290,1
1609744200,160294,3
1609755000,169000,1
1609822200,162500,1
1609827600,155294,1
1609829400,160282,3
1609831200,162776,2
1609883100,155294,1
1609897800,159750,1
1609947300,155294,1
1609954800,158000,1
1609962300,155294,1
1609964700,157647,2
1609965300,155294,1
1609965900,160000,1
1609966200,157647,2
1609966500,160000,1
1609973400,153824,1
1610039400,153823,1
1610047200,152156,2
1610127900,151835,1
1610225400,151450,1
1610286300,153264,1
1610289900,155394,2
1610291700,157525,1
1610308200,152881,1
1610313600,153264,1
1610322600,155500,1
1610421600,150451,1
1610450400,150000,1
1610478600,146500,1
1610509500,146611,1
1610586300,149000,1
1610600700,147250,2
1610628600,140938,1
1610672700,133892,1
1610678100,140937,1
1610683800,140938,1
1610753400,139995,1
1610764500,147000,1
1610801100,128000,1
1610817600,135129,1
1610842200,110069,1
1610845800,128378,1
1610894700,115862,1
1610908800,90000,1
1610916900,123964,1
1610918400,126982,2
1610920200,130000,1
1610933400,123964,1
1610950200,130482,1
1611005400,125907,2
1611049200,125909,1
1611060300,113634,1
1611080400,95708,1
1611087900,117000,1
1611091800,123680,2
1611117300,123000,1
1611126300,123681,1
1611146700,117503,1
1611164700,123687,1
1611167100,121772,2
1611167400,123687,1
1611167700,121772,2
1611168300,119857,1
1611243000,115000,1
1611256500,116477,1
1611304500,116480,1
1611321900,112736,2
1611324600,116472,1
1611341400,111000,1
1611342600,113000,2
1611344400,115000,1
1611345000,113000,2
1611345300,115000,1
1611378000,116299,1
1611392700,111024,1
1611438300,111025,1
1611458400,117000,1
1611493200,109934,1
1611506100,109924,1
1611511500,109934,1
1611514500,99217,1
1611514800,109934,1
1611515400,99217,1
1611516000,109934,1
1611516300,99217,1
1611522300,110000,1
1611597600,115000,1
1611602100,117999,1
1611669600,108063,1
1611676800,113400,1
1611678600,113399,2
1611692700,108056,1
1611813600,104999,1
1611823800,117000,1
1611880500,112452,1
1611938400,105452,1
1611972000,112499,1
1611993900,110724,1
1612011300,100180,1
1612015800,105452,1
1612048500,99000,1
1612059300,112000,1
1612083000,116260,1
1612109700,118734,1
1612133700,110000,1
1612135500,114367,2
1612137300,118734,1
1612151700,140000,1
1612439400,150000,1
1612560900,144431,1
1612591500,145000,1
1612641000,118000,1
1612659000,114076,1
1612702200,126000,1
1612726200,118500,1
1612733400,107970,1
1612740600,125098,3
1612744200,126000,1
1612763100,123030,2
1612772100,126000,1
1612795500,120068,1
1612878600,125995,1
1612921500,120420,1
1613158800,129938,1