timestamp,avg,qty
1575043800,42,2
1575044100,42,2
1575044400,42,2
1575045000,42,2
1575045600,42,2
1575062400,54,28
1575123000,20,49
1575123600,20,28
1575123900,20,49
1575127200,20,21
1575157500,20,18
1575164700,20,1
1575175500,22,19
1575179400,21,123
1575181200,20,116
1575189000,20,257
1575204900,39,353
1575210600,39,7
1575213300,39,7
1575213600,39,7
1575213900,39,7
1575214800,39,7
1575215100,40,2
1575230700,56,607
1575232200,56,611
1575234000,56,5
1575234300,56,471
1575235200,56,5
1575253800,36,2
1575255600,36,2
1575277200,35,252
1575282600,38,1
1575285300,38,1
1575285600,38,1
1575295500,35,15
1575295800,35,15
1575296100,35,15
1575297000,35,15
1575303900,35,281
1575309600,36,5
1575311400,36,5
1575311700,35,7
1575312000,36,5
1575312300,36,6
1575312600,36,5
1575313200,36,6
1575315000,37,1
1575315300,37,3
1575315600,37,1
1575319200,35,2
1575320100,35,2
1575320400,35,2
1575320700,35,2
1575321000,35,2
1575321300,35,2
1575321600,35,2
1575321900,35,2
1575322200,35,2
1575324600,35,4
1575324900,35,4
1575325500,35,4
1575325800,35,199
1575326100,35,4
1575326700,35,199
1575327000,35,199
1575327300,35,199
1575327600,35,199
1575327900,35,198
1575331200,35,25
1575338700,35,249
1575347700,35,1
1575357300,39,3
1575358800,39,3
1575361800,39,1
1575362400,39,1
1575395400,38,8
1575404700,35,2
1575408000,35,468
1575426600,37,73
1575430200,35,151
1575441000,35,9
1575444000,35,9
1575444300,35,9
1575461400,35,1
1575474600,37,4
1575486600,54,164
1575487200,54,164
1575507600,56,559
1575530100,35,3
1575543000,31,1
1575572700,39,97
1575573000,39,97
1575573300,39,97
1575574200,40,109
1575576000,40,17
1575576300,40,17
1575576600,40,17
1575576900,40,17
1575582900,54,1
1575593700,54,1
1575598200,54,456
1575753300,35,1
1575803700,55,4
1575804000,55,4
1575804300,55,4
1575804600,55,4
1575804900,55,4
1575807600,55,8
1575808800,55,75
1575810900,55,67
1575811800,55,67
1575812100,55,67
1575812400,55,1
1575813300,55,1
1575813900,55,1
1575814200,55,678
1575814500,55,1
1575814800,55,678
1575823800,55,11
1575824100,55,11
1575824400,55,11
1575825600,54,1903
1575834900,48,2
1575835800,48,2
1575838200,44,1
1575838500,44,1
1575838800,44,1
1575839400,44,1
1575839700,44,1
1575858600,54,384
1575860100,54,384
1575860400,54,384
1575860700,54,1
1575862200,54,1
1575867600,55,2
1575902100,55,112
1575902400,59,1
1575902700,55,112
1575906000,55,112
1575935400,54,1
1575936600,54,1
1575981600,55,34
1575990900,55,37
1575993000,57,22
1575994500,57,10
1575994800,57,22
1575995100,57,4
1576038900,55,714
1576096500,55,150
1576097100,55,150
1576097400,55,150
1576098300,55,45
1576099200,55,45
1576100100,55,128
1576100400,55,72
1576100700,55,128
1576126500,54,18
1576140900,55,3
1576141500,55,21
1576144200,55,18
1576149900,55,59
1576156200,55,1
1576164300,55,1
1576166700,55,1
1576167000,55,1
1576167300,55,1
1576167600,55,1
1576217100,57,1
1576217700,57,1
1576218000,57,1
1576262100,20,5
1576262700,20,5
1576263300,20,5
1576263600,20,5
1576263900,20,5
1576264500,20,5
1576265700,35,1
1576266300,20,5
1576266600,35,1
1576292400,43,1172
1576294500,45,252
1576300500,49,35
1576338900,35,1
1576340400,35,1
1576347900,35,26
1576362600,47,560
1576364400,47,552
1576369800,55,10
1576370400,55,10
1576371000,55,10
1576371600,55,11
1576435500,50,4
1576437300,50,4
1576459200,50,2
1576461300,45,3
1576461600,45,3
1576461900,45,3
1576462200,45,3
1576462500,45,3
1576462800,35,1
1576464600,35,7
1576492200,46,30
1576512000,48,8
1576517400,35,1
1576530000,40,325
1576532100,40,325
1576532400,40,325
1576533000,40,325
1576535700,46,1
1576536900,46,1
1576537200,39,185
1576539000,39,185
1576541100,48,253
1576541700,48,253
1576542000,48,253
1576542300,48,253
1576542900,46,275
1576543500,46,272
1576544100,46,275
1576544400,46,272
1576546500,35,27
1576554000,35,28
1576555800,35,28
1576557300,48,1
1576557900,48,1
1576558500,48,1
1576558800,48,1
1576559400,48,1
1576559700,48,1
1576560600,48,1
1576562700,35,179
1576602600,35,280
1576608000,35,606
1576608300,35,606
1576608600,35,1
1576624800,35,99
1576625100,35,99
1576625400,35,99
1576626000,35,99
1576627200,35,99
1576627500,35,99
1576628100,35,99
1576636500,41,2
1576636800,48,1
1576637100,41,2
1576637700,41,2
1576638000,41,2
1576639200,49,210
1576639500,49,211
1576639800,49,210
1576640400,50,209
1576672200,35,345
1576672500,35,303
1576672800,35,343
1576677600,35,1
1576677900,35,345
1576678200,35,1
1576678500,35,1
1576679700,35,1
1576684800,35,7
1576685400,35,28
1576685700,35,7
1576686300,35,28
1576687200,35,28
1576689000,38,2
1576696500,38,1
1576696800,38,1
1576697400,38,1
1576697700,38,1
1576698000,38,1
1576698300,38,1
1576698600,38,1
1576699500,38,1
1576700100,45,11
1576701000,38,29
1576703400,38,29
1576704900,43,1
1576705200,35,18
1576705500,43,1
1576705800,43,1
1576706400,43,1
1576708500,35,82
1576709100,35,83
1576709400,35,82
1576709700,35,82
1576710000,35,82
1576711500,35,82
1576713000,35,1
1576713600,35,1
1576714500,35,121
1576714800,35,121
1576715100,35,121
1576715400,35,121
1576718400,35,17
1576721400,35,17
1576728600,35,241
1576729200,35,230
1576729500,35,52
1576731600,35,28
1576731900,35,28
1576732200,35,112
1576733100,35,906
1576733700,35,112
1576735800,35,907
1576740300,38,1
1576743900,35,589
1576744200,35,589
1576745100,35,589
1576745400,35,589
1576745700,35,589
1576749000,35,587
1576773000,37,2
1576791300,45,4
1576794600,36,5
1576809300,35,27
1576809900,35,27
1576812900,35,476
1576815000,35,421
1576816500,35,420
1576836900,47,81
1576856700,35,24
1576887600,35,499
1576900500,35,494
1576914900,35,9
1576929600,35,17
1576962600,35,54
1576986300,46,8
1577041500,39,6
1577043300,39,28
1577061000,35,1
1577061300,35,1
1577061600,35,1
1577062200,35,1
1577062500,35,1
1577062800,35,1
1577063100,35,1
1577066700,47,1
1577068800,41,2
1577072100,38,1
1577072700,36,2
1577076000,35,1
1577102700,35,105
1577110200,38,35
1577111100,38,35
1577112000,38,35
1577112600,38,35
1577117100,35,437
1577117700,41,3
1577118000,35,437
1577118300,35,437
1577118900,35,437
1577119200,35,437
1577119500,35,437
1577119800,35,442
1577122800,41,10
1577123100,41,8
1577123400,41,10
1577123700,41,2
1577124000,41,10
1577124600,41,69
1577125500,41,67
1577126100,41,69
1577126400,41,67
1577127600,41,67
1577127900,41,67
1577128800,41,67
1577141700,35,54
1577142900,35,54
1577157300,35,84
1577187000,35,1
1577187600,35,1
1577193300,36,2
1577208000,35,1
1577242200,35,46
1577246100,46,1
1577256900,44,5
1577266200,44,29
1577271600,44,309
1577300700,37,1
1577302500,37,1
1577344200,35,1
1577346300,35,1
1577357400,42,10
1577362500,37,1
1577393400,43,8
1577395200,35,349
1577397000,44,413
1577398800,44,404
1577408100,35,11
1577421000,36,15
1577424600,35,1
1577460600,35,53
1577463000,35,106
1577464200,35,53
1577464500,35,106
1577464800,35,53
1577466000,35,54
1577466300,35,53
1577466600,35,54
1577468400,35,1
1577482500,40,20
1577484600,40,21
1577497500,44,16
1577497800,44,17
1577498400,44,16
1577498700,44,17
1577499000,44,11
1577514000,35,290
1577514900,35,290
1577528700,35,138
1577534100,41,9
1577537700,38,13
1577538000,38,14
1577538300,38,13
1577539200,38,14
1577539500,39,18
1577541600,42,94
1577541900,42,95
1577542200,42,94
1577542500,42,95
1577543100,42,94
1577543400,35,54
1577545500,35,54
1577547000,44,4
1577552100,34,1965
1577555700,25,2025
1577556000,25,2035
1577556300,25,2025
1577563200,10,190
1577566800,35,20
1577567100,46,1
1577567400,35,20
1577571000,38,70
1577572200,38,70
1577587200,35,3
1577588700,35,3
1577595300,35,1
1577605200,35,13
1577616600,35,74
1577630100,35,45
1577631000,35,45
1577631300,35,45
1577631600,35,45
1577641500,35,28
1577645100,35,888
1577663700,40,5
1577665200,40,4
1577667300,35,3
1577668800,35,3
1577671200,35,7
1577671800,35,7
1577675400,36,31
1577678400,38,7
1577679600,38,7
1577682000,20,1
1577683800,20,1
1577684100,20,1
1577684400,20,1
1577706300,35,1
1577707500,35,1
1577714700,35,84
1577731200,10,2
1577731500,31,13
1577731800,10,2
1577737200,25,3
1577737500,25,3
1577738100,25,3
1577738400,25,3
1577739300,25,3
1577755200,19,263
1577758500,29,66
1577769900,10,1
1577770500,10,1
1577770800,10,1
1577771100,10,1
1577771700,10,1
1577777100,35,1
1577778900,35,1
1577799000,17,130
1577801100,17,130
1577808300,38,3
1577811900,38,375
1577823000,36,2
1577853900,37,14
1577854200,37,10
1577854500,37,11
1577877000,36,731
1577952300,38,2
1577960100,38,1
1577961900,37,3
1577988300,35,153
1577988900,35,153
1577989200,35,153
1577989800,35,216
1577991600,35,216
1578000900,35,360
1578017400,35,267
1578019500,35,267
1578021300,42,22
1578068400,37,3224
1578068700,37,3222
1578069900,37,3224
1578070200,37,3242
1578072000,34,33
1578079200,35,4024
1578081000,35,4007
1578108600,15,6
1578115200,15,203
1578139800,35,1
1578170400,34,2045
1578170700,35,2036
1578171000,34,2035
1578172200,33,4064
1578172800,31,2059
1578173100,33,4064
1578173400,31,2059
1578174000,27,2507
1578174300,31,2059
1578174600,31,5817
1578177900,35,3324
1578180000,35,11
1578181500,35,4
1578182100,35,4
1578182700,35,4
1578187500,10,103
1578188100,10,103
1578189900,10,103
1578190200,10,103
1578190500,10,103
1578196500,22,62
1578198600,25,98
1578199200,25,97
1578199800,31,39
1578205800,34,18
1578216300,19,2
1578216600,19,2
1578216900,19,2
1578217200,19,2
1578217500,19,2
1578229200,33,197
1578229800,33,197
1578230100,33,197
1578230400,33,197
1578231000,33,197
1578234600,34,465
1578240000,29,3
1578242700,29,27
1578243900,29,27
1578250200,10,2
1578250800,10,2
1578251700,10,2
1578253800,10,2
1578254400,10,2
1578266700,29,45
1578272700,10,644
1578273900,10,644
1578274800,10,646
1578276000,21,4
1578276300,10,646
1578276600,21,4
1578276900,27,9
1578277200,21,4
1578277500,27,9
1578278100,26,11
1578278400,30,9
1578278700,26,11
1578279300,30,9
1578279900,30,11
1578282300,31,494
1578285900,32,18
1578286200,32,18
1578286500,34,17
1578287700,10,3267
1578291600,31,14
1578299700,13,530
1578302700,27,14
1578303000,33,83
1578303300,27,13
1578303600,27,14
1578303900,27,13
1578315300,14,1
1578315900,14,1
1578316200,14,1
1578316500,14,1
1578317100,14,1
1578324600,33,1
1578324900,33,1
1578325200,33,1
1578326100,33,1
1578329100,20,13
1578329700,20,13
1578330300,20,13
1578330600,20,13
1578330900,20,13
1578338400,27,16
1578351300,32,1
1578353100,31,14
1578354900,31,11
1578358500,42,2
1578385800,37,2333
1578398700,42,81
1578514200,42,20
1578514800,42,20
1578515400,42,20
1578525600,37,254
1578525900,37,254
1578526200,37,254
1578526500,37,254
1578526800,37,254
1578528600,37,254
1578536400,42,1
1578591900,67,40
1578599400,42,252
1578619800,60,22
1578627300,35,127
1578647700,13,1
1578669000,46,3
1578670800,46,3
1578672600,42,5
1578678300,42,25
1578680100,42,1
1578681900,42,118
1578683700,42,117
1578698700,42,137
1578713400,35,555
1578715200,42,306
1578739500,41,930
1578750900,42,13
1578752700,42,13
1578771300,35,532
1578773100,35,532
1578774900,50,1
1578780300,42,5
1578782100,42,1
1578783900,42,28
1578795000,42,1
1578800700,50,1
1578813600,42,195
1578860700,42,59
1578862500,58,2
1578864300,40,1
1578866100,40,1
1578868200,40,342
1578870000,34,807
1578871800,38,1430
1578873600,42,965
1578886500,42,112
1578888300,42,944
1578938100,42,28
1579008600,42,466
1579010400,42,466
1579029000,42,152
1579030800,42,152
1579034400,42,229
1579036200,42,70
1579045500,42,1
1579049100,42,2
1579050900,42,2
1579054500,42,3
1579056300,42,3
1579058400,42,105
1579060200,42,105
1579062000,42,1
1579063800,42,1
1579103400,50,6
1579129200,35,113
1579131000,35,113
1579132800,35,1
1579134900,35,1
1579165800,200,33
1579167600,200,33
1579169700,200,255
1579196700,36,9
1579203900,35,51
1579207500,40,3
1579216800,36,95
1579224000,43,14
1579233300,42,26
1579280100,45,9
1579281900,44,10
1579283700,35,1
1579285500,40,1
1579287300,40,1
1579291200,42,1785
1579294800,42,2
1579305600,40,28
1579313100,35,34
1579314900,35,501
1579317000,35,467
1579320600,42,4
1579337400,35,2
1579363500,42,40
1579365300,42,30
1579367100,37,1
1579374600,36,12
1579376400,40,3
1579381800,39,48
1579392900,35,395
1579394700,35,395
1579415100,36,1098
1579441500,44,4
1579446900,42,8
1579449000,35,290
1579450800,35,286
1579452600,41,1
1579459800,35,1072
1579463400,41,327
1579465200,42,326
1579481700,38,1
1579489200,42,2
1579491000,38,28
1579492800,39,36
1579494600,44,225
1579496700,43,220
1579498500,38,4
1579502100,35,2
1579521300,35,427
1579526700,38,18
1579538400,44,4
1579540200,44,4
1579553100,35,1
1579554900,35,2
1579556700,42,5
1579558500,44,4
1579566000,35,1
1579567800,35,1
1579569600,35,269
1579571400,35,269
1579575000,41,4
1579610700,36,1
1579614300,35,112
1579617900,42,3
1579620000,35,61
1579621800,35,60
1579627500,38,9
1579629300,38,27
1579636500,35,2
1579641900,35,1
1579650900,40,2
1579652700,44,134
1579654500,43,134
1579656600,35,1
1579658400,35,3
1579660200,35,3
1579669500,44,457
1579673100,36,1
1579676700,35,23
1579686300,43,9
1579688100,43,6
1579695600,35,4
1579721700,35,2
1579723500,35,2
1579734600,43,1
1579797600,200,1
1579876800,34,1442
1579882200,10,133
1579884300,10,133
1579887900,34,4
1579889700,36,7
1579902300,35,8
1579938600,35,11
1579944300,46,191
1579964700,48,6
1579966500,35,13
1579974000,48,916
1579986600,42,14
1579993800,35,196
1580001300,38,283
1580003100,38,292
1580014200,30,7437
1580016000,30,7437
1580021400,25,20
1580055000,41,2
1580058900,46,2
1580060700,45,19
1580062500,45,205
1580064300,46,935
1580069700,35,223
1580075100,38,7
1580078700,39,15
1580082300,35,22
1580084100,35,54
1580100600,43,15
1580102400,43,15
1580111700,47,504
1580123100,45,9
1580124900,45,10
1580132100,37,124
1580142900,36,28
1580144700,36,28
1580162700,47,2
1580164500,47,2
1580168100,46,19
1580171700,36,1
1580175900,47,1
1580178000,41,10
1580179800,40,9
1580181600,43,2
1580183400,43,7
1580185200,43,5
1580187000,43,98
1580208600,36,25
1580224800,36,20
1580230200,38,1
1580232000,38,1
1580239200,39,1
1580246400,39,1
1580250000,44,3
1580253600,36,1
1580259000,42,28
1580282400,36,20
1580321700,36,48
1580325600,37,3
1580327400,36,2
1580340000,36,1
1580345400,43,6
1580347200,47,4
1580349000,41,10
1580350800,39,36
1580354400,45,5
1580358000,38,16
1580361600,38,795
1580363400,36,87
1580365200,36,87
1580376000,36,1
1580383500,39,1
1580403300,47,5
1580405100,47,10
1580406900,37,126
1580410500,47,6
1580423100,36,1
1580432100,36,27
1580441100,36,475
1580705700,39,218
1580709300,40,5
1580716500,40,1
1580735700,36,1
1580739300,35,1
1580772000,35,1428
1580779200,47,21
1580804700,120,17
1580821500,120,6
1580829300,106,112
1580831100,106,112
1580836500,399,2
1580840100,127,365
1580847300,120,86
1580869200,120,137
1580871000,120,162
1580872800,123,26
1580881800,106,721
1580891100,106,1
1580919900,35,28
1580921700,35,28
1580927100,41,2
1580930700,120,499
1580934300,118,144
1580939700,106,24
1580947200,57,1378
1580952600,106,1
1581034800,50,12
1581036600,61,15
1581038700,106,3
1581044100,106,2
1581085200,199,51
1581088800,199,18
1581096300,187,14
1581098100,108,856
1581099900,108,852
1581103500,106,281
1581105300,106,281
1581108900,106,1
1581114300,108,1
1581120000,110,24
1581121800,110,24
1581125400,107,2
1581130800,106,21
1581132600,106,20
1581156600,147,7
1581166200,106,1
1581169800,128,33
1581180900,46,7
1581190200,127,12
1581192000,127,12
1581199200,164,116
1581201000,165,115
1581221100,106,97
1581243300,46,266
1581296400,46,47
1581373500,2,28
1581375300,3,29
1581454500,106,7
1581523800,73,2
1581525600,73,2
1581540000,37,7
1581541800,37,674
1581543600,37,669
1581547200,22,127
1581550800,42,101
1581552600,39,219
1581554400,39,219
1581556200,39,1
1581565200,20,223
1581582900,20,1
1581611100,39,13
1581612900,39,9
1581614700,39,4
1581616500,20,347
1581639900,36,2
1581642000,36,10
1581643800,34,9
1581645600,20,1
1581649200,10,688
1581651000,10,688
1581689700,20,1
1581691500,20,14
1581693300,20,13
1581695100,20,1
1581696900,20,1
1581707700,20,1
1581709500,36,23
1581711300,37,253
1581713100,36,233
1581714900,25,3
1581718500,30,475
1581740100,25,1
1581740700,25,9
1581741900,24,11
1581742200,24,11
1581742500,24,11
1581743700,25,3
1581744000,24,10
1581744300,25,3
1581747000,20,23
1581747300,20,26
1581748200,20,23
1581748500,20,26
1581749100,21,6
1581750900,21,6
1581751200,22,2
1581751800,21,6
1581752400,22,2
1581786900,28,1
1581788700,28,1
1581805500,20,102
1581807300,20,102
1581817800,32,13
1581818400,32,13
1581819000,32,13
1581819300,32,13
1581819900,32,2
1581902700,20,1
1581904800,20,1
1581905400,20,1
1581905700,20,1
1581912900,32,21
1581914700,32,21
1581915000,32,21
1581915300,32,21
1581923700,18,4253
1581961800,30,2
1581963600,26,143
1581965100,26,151
1581966900,36,13
1581970800,24,184
1581972600,24,184
1581979800,26,36
1581992400,39,58
1581994500,38,70
1581996300,38,15
1581997800,24,112
1581999900,32,5
1582003500,20,1
1582032000,37,272
1582047600,20,1
1582056300,10,2
1582058100,10,2
1582149600,14,5
1582150200,14,10
1582150800,14,10
1582151100,14,10
1582151700,14,10
1582153500,17,1
1582153800,14,6
1582154100,17,1
1582173300,17,503
1582226400,23,13
1582228500,16,466
1582230300,16,458
1582393500,35,1
1582393800,37,418
1582394100,35,1
1582410000,38,1
1582421100,35,61
1582461600,39,698
1582468800,39,505
1582494600,37,331
1582500000,37,3173
1582501500,38,1
1582503900,38,24
1582504500,38,24
1582504800,38,24
1582505100,38,24
1582575000,35,97
1582575300,35,2
1582575600,35,97
1582578900,35,95
1582596300,38,68
1582605600,34,510
1582607400,34,510
1582656000,36,1
1582656300,38,22
1582656600,36,1
1582659600,38,59
1582659900,37,26
1582660200,38,59
1582663200,37,40
1582663500,37,74
1582663800,37,40
1582670700,38,146
1582672500,35,14
1582674600,35,14
1582676400,35,194
1582694700,35,96
1582712100,37,7
1582722600,35,1
1582723200,35,1
1582723500,35,1
1582733700,37,56
1582737300,35,2
1582740600,37,50
1582741500,37,50
1582742100,37,68
1582786800,38,335
1582787100,38,1374
1582787400,38,335
1582788900,38,335
1582794600,37,2
1582859100,15,1
1582860000,15,1
1582860600,15,1
1582862400,15,1
1582863600,15,1
1582918200,18,52
1582918500,18,52
1582918800,18,52
1582919100,18,52
1582927500,20,8
1582928100,20,1
1582928400,20,8
1582929300,20,25
1582929600,20,22
1582929900,20,25
1582936500,30,24
1582936800,30,24
1582937400,30,24
1582938300,30,24
1582938600,30,24
1582942200,37,56
1582946400,30,11
1582953600,23,1446
1582954200,23,1446
1582954500,23,1446
1582955400,23,1446
1582960800,15,2
1582989900,36,294
1582990500,36,294
1582990800,36,294
1582992000,36,44
1582993200,36,44
1582995300,36,4
1582995900,36,4
1582996500,36,4
1582996800,36,4
1582997400,36,4
1583010600,31,2
1583012100,31,2
1583021400,33,22
1583023200,33,22
1583026800,36,2
1583037600,36,450
1583039400,36,450
1583059800,36,240
1583078100,36,28
1583079900,36,29
1583083200,36,1
1583090700,42,3
1583159700,100,23
1583178300,100,115
1583178600,100,115
1583179500,100,115
1583179800,100,180
1583181900,100,74
1583194500,100,1076
1583198400,51,3
1583199600,51,3
1583199900,51,3
1583200200,51,3
1583203200,150,216
1583203800,150,324
1583205600,148,110
1583221500,150,254
1583262600,79,1
1583263500,79,1
1583266200,79,1
1583361900,42,10
1583362200,42,9
1583362500,42,10
1583363100,42,10
1583387100,42,58
1583416500,42,187
1583418300,42,187
1583451600,43,46
1583452200,43,46
1583453100,43,1
1583458800,41,330
1583460600,41,7
1583467800,42,276
1583506800,42,1
1583508600,42,1
1583530500,53,2
1583541300,45,2
1583558700,70,1
1583561400,70,4
1583607600,36,28
1583607900,36,28
1583608200,36,28
1583615700,36,7
1583616900,36,7
1583618400,36,7
1583668200,36,6
1583677500,25,4
1583752200,16,2
1583754300,16,26
1583756100,16,25
1583757900,16,1
1583767200,26,12
1583803500,15,16
1583859900,25,96
1583874300,25,167
1583876100,25,167
1583879700,25,1
1583881500,35,1
1583885100,25,202
1583898900,31,8
1583900700,31,3
1583905800,36,5
1583909400,36,623
1583913000,36,2
1583938800,36,1
1583942400,35,3
1583944200,34,20
1583953500,35,287
1583955300,36,1
1583962500,36,2
1583971500,10,1
1583973300,10,1
1583985900,32,1
1583987700,32,1
1583993100,20,328
1583994900,28,462
1584004200,17,255
1584039900,36,259
1584041700,36,259
1584050700,36,26
1584052500,36,26
1584065400,34,2
1584067200,32,1
1584116700,36,1
1584127800,35,1
1584135000,22,41
1584138900,30,3
1584153300,37,8
1584155100,37,21
1584168000,37,346
1584177000,36,4
1584210000,37,80
1584228300,37,19
1584230100,38,2
1584233700,30,32
1584244800,37,1
1584277500,40,47
1584279300,40,512
1584281100,40,465
1584283200,38,2
1584285000,38,355
1584286800,38,353
1584294300,40,59
1584296100,39,58
1584297900,37,1
1584303300,39,27
1584305100,39,29
1584323700,40,2
1584329100,46,1
1584330900,46,1
1584384300,40,4
1584389700,40,10
1584393300,40,2
1584407700,27,2
1584416700,40,1
1584420300,40,3
1584423900,40,42
1584477300,37,614
1584486300,5,549
1584488100,36,123
1584489900,36,123
1584504300,40,110
1584555900,40,1
1584557700,40,1
1584561300,40,1
1584564900,42,2
1584573900,40,1
1584575700,38,95
1584577500,38,95
1584640200,39,5
1584643800,35,28
1584645600,35,92
1584647400,35,78
1584678600,40,22
1584680400,40,22
1584707700,38,58
1584714900,40,5
1584717000,40,4
1584720600,37,43
1584722400,37,43
1584724200,40,7
1584726000,40,22
1584727800,40,19
1584731400,41,1
1584733200,40,173
1584742200,41,7
1584744000,41,2
1584745800,41,9
1584747600,41,9
1584749700,37,86
1584751500,37,86
1584771600,127,29
1584793800,100,3
1584804900,99,341
1584806700,99,352
1584812100,100,26
1584819300,44,1
1584834000,40,23
1584861300,40,466
1584872400,148,23
1584877800,140,23
1584879600,123,8
1584881400,110,1
1584888900,4000,2
1584890700,3007,7
1584892500,359,48
1584894300,954,62
1584896100,2842,31
1584897900,2807,15
1584899700,2158,7
1584901500,818,8
1584903300,58,851
1584905100,58,860
1584906900,64,29
1584908700,68,19
1584910500,110,26
1584912600,219,562
1584914400,225,540
1584916200,104,311
1584918000,105,311
1584919800,800,1
1584921600,60,128
1584936300,103,25
1584939900,110,25
1584965700,147,38
1584967500,154,45
1584969300,190,10
1584972900,151,18
1584976500,372,11
1584991200,110,3
1584994800,500,9
1585000200,125,354
1585002300,118,155
1585003800,100,21
1585005900,57,1
1585007700,57,2
1585044900,110,15
1585048800,110,16
1585056000,200,14
1585058100,172,49
1585059900,147,101
1585069200,76,519
1585072800,100,409
1585074600,100,311
1585081800,110,4
1585083600,185,24
1585085400,195,21
1585090800,108,13
1585100100,202,4
1585101900,202,27
1585103700,202,49
1585105500,200,56
1585112700,223,3
1585119900,150,1
1585121700,100,262
1585123500,100,268
1585125300,100,7
1585141800,111,5
1585143900,110,33
1585147500,110,239
1585160400,113,267
1585162200,172,13
1585164000,172,138
1585180500,70,56
1585182300,92,51
1585184100,145,7
1585187700,40,2366
1585193100,45,4
1585196700,45,353
1585200300,50,8
1585202100,50,5
1585203900,50,262
1585205700,50,262
1585246800,40,1
1585261800,40,103
1585265400,40,1
1585267200,40,1
1585270800,100,1
1585272600,100,2
1585278300,100,280
1585280100,92,559
1585281900,84,280
1585287300,100,1
1585289100,100,1
1585322700,90,389
1585326300,110,353
1585328100,110,353
1585342800,110,84
1585344600,77,2
1585346400,55,94
1585348200,54,92
1585352100,54,5
1585353900,54,392
1585355700,54,392
1585357500,79,1
1585359300,67,2
1585364700,100,122
1585370100,53,32
1585372200,51,164
1585374000,51,132
1585379400,55,1
1585381200,91,3
1585386900,98,2
1585392300,94,5
1585394400,100,6
1585405200,100,168
1585407000,100,168
1585416300,110,281
1585423500,100,392
1585425300,100,2
1585428900,136,1
1585430700,54,198
1585438200,54,3
1585443600,54,415
1585454400,49,337
1585456200,49,337
1585463400,50,1
1585465200,50,1
1585480200,51,1
1585483800,43,3
1585491000,37,18
1585492800,37,20
1585494600,44,2
1585496400,37,26
1585498200,37,26
1585501800,30,8
1585503600,30,8
1585507200,20,142
1585509000,20,154
1585510800,20,147
1585512600,20,135
1585518000,22,2
1585519800,10,562
1585521600,10,560
1585525200,31,1
1585527000,31,1
1585529100,37,83
1585532700,9,4
1585534500,9,4
1585560300,40,165
1585562100,40,165
1585566000,40,81
1585571400,40,1
1585595400,40,301
1585599000,40,146
1585600800,38,304
1585602600,37,166
1585606500,52,1
1585608300,48,102
1585610100,40,1759
1585613700,40,1015
1585617300,50,14
1585619100,49,13
1585624800,40,1
1585628400,41,211
1585630200,41,756
1585632300,41,716
1585639800,40,21
1585647000,40,400
1585649100,40,237
1585656300,48,459
1585665300,52,1
1585667400,51,2
1585669200,50,16
1585671000,48,44
1585674600,49,33
1585678200,40,4
1585680000,49,205
1585681800,50,201
1585687200,44,1
1585689300,37,163
1585692900,37,246
1585696500,39,15
1585698300,38,81
1585700100,38,81
1585701900,55,1
1585703700,55,1
1585711200,41,1
1585713000,41,2
1585720200,40,2
1585746300,44,3
1585748100,44,3
1585755300,40,7
1585761000,92,78
1585764600,51,3
1585766400,51,14
1585768200,51,11
1585777200,110,1
1585779000,110,1
1585784700,100,86
1585790100,110,409
1585791900,194,18
1585793700,199,18
1585795500,149,2
1585797300,100,1
1585801200,110,49
1585803000,110,49
1585804800,110,109
1585817400,176,9
1585819200,185,30
1585821000,185,36
1585823100,185,32
1585826700,108,887
1585832100,40,480
1585833900,40,464
1585836000,47,24
1585837800,46,20
1585839600,46,838
1585846800,40,18
1585848600,40,18
1585855800,45,2
1585863000,40,10
1585865100,40,10
1585868700,50,3
1585870500,50,3
1585872300,110,117
1585874100,110,117
1585887000,110,1
1585888800,110,1
1585898100,49,169
1585901700,52,1194
1585903500,51,1195
1585913100,100,126
1585914900,46,22
1585917000,41,6
1585920600,41,30
1585922400,41,40
1585929600,40,285
1585931400,40,292
1585933200,50,9
1585937100,44,4
1585942500,50,898
1585944300,154,3
1585947900,174,46
1585949700,200,33
1585951500,40,2
1585953300,40,2
1585958700,40,91
1585966200,41,21
1585968000,41,31
1585975200,41,7
1585982700,49,3
1585984500,49,116
1585986300,49,118
1585995600,49,2
1585999200,49,17
1586010000,41,10
1586011800,40,146
1586013600,40,155
1586019300,48,20
1586021100,30,30
1586022900,37,65
1586026800,49,1
1586028300,41,16
1586037300,30,69
1586040900,49,20
1586042700,43,53
1586046300,41,85
1586049900,42,43
1586051700,42,73
1586057100,42,614
1586058900,40,111
1586060700,40,108
1586070000,49,1810
1586071800,49,1814
1586077200,49,6
1586079000,49,4
1586080800,43,9
1586082600,43,9
1586084400,49,1630
1586086200,49,1630
1586089800,40,2
1586099100,36,2
1586100900,36,2
1586102700,18,2
1586104500,18,2
1586109900,49,2
1586111700,49,2
1586113500,44,108
1586115300,43,117
1586117100,40,10
1586118900,40,1
1586120700,40,2
1586124300,41,11
1586126100,41,11
1586133600,45,4
1586140800,40,227
1586142600,41,4
1586148000,36,1
1586149800,36,1
1586177100,40,39
1586197200,30,28
1586199000,36,2
1586200800,31,6
1586204700,39,1
1586211900,34,101
1586217300,32,5
1586219100,32,6
1586224500,40,13
1586235600,39,13
1586237400,39,15
1586239200,45,2
1586242800,42,6
1586244600,45,3
1586252100,38,6
1586255700,41,6
1586264700,40,1
1586266500,41,2
1586275800,110,1
1586277600,53,10
1586279400,40,223
1586281200,40,214
1586286600,110,251
1586288400,110,260
1586290200,110,108
1586292000,110,99
1586295900,252,26
1586306700,570,4
1586308500,137,296
1586310600,132,303
1586311800,58,451
1586312700,42,414
1586314500,43,13
1586316300,43,13
1586320200,10,1
1586322000,10,1
1586325300,10,22
1586327100,10,22
1586337900,271,18
1586339700,247,28
1586341500,148,27
1586345100,121,36
1586346900,111,533
1586348700,111,520
1586350500,127,33
1586352300,127,15
1586358600,33,489
1586360400,127,42
1586365800,124,37
1586375100,84,1290
1586376900,85,1297
1586378700,127,65
1586382300,47,374
1586384100,40,344
1586387700,110,3
1586389500,110,3
1586393100,110,354
1586394900,110,354
1586400300,40,131
1586402100,73,255
1586403900,109,124
1586409300,500,1
1586420100,110,3
1586422200,110,1
1586424000,110,1
1586440500,854,23
1586442300,845,19
1586453100,110,1
1586454900,247,9
1586456700,211,90
1586458500,155,135
1586460300,93,176
1586462100,101,125
1586463900,110,67
1586471100,40,296
1586472900,40,296
1586474700,110,168
1586476500,110,168
1586485500,42,1
1586493000,71,57
1586494500,42,4
1586496300,36,2
1586508300,51,328
1586523000,50,1
1586524800,50,1
1586526600,44,1106
1586528400,43,1472
1586541300,53,20
1586546700,200,1
1586548500,110,465
1586550300,99,1022
1586552100,91,557
1586555700,51,8
1586557500,51,8
1586561100,64,8
1586577300,110,62
1586579100,110,40
1586582700,50,46
1586584500,50,46
1586616900,190,8
1586620500,110,478
1586624100,142,80
1586625900,121,248
1586627700,76,409
1586629500,50,276
1586631600,48,74
1586633400,48,377
1586635200,98,1834
1586637000,104,1968
1586638800,64,1214
1586640600,50,743
1586642400,46,7
1586647800,45,2
1586649600,49,71
1586651400,61,245
1586653200,66,202
1586655000,60,36
1586656800,45,176
1586658600,45,168
1586662200,45,165
1586666100,110,1
1586667900,110,1
1586669700,42,27
1586671500,42,28
1586673300,42,1
1586688000,110,1
1586689800,50,141
1586706300,42,467
1586708100,45,495
1586709900,56,164
1586711700,42,76
1586713500,40,1
1586715300,42,10
1586718900,42,1
1586724300,110,4
1586726100,110,4
1586729700,48,24
1586733300,44,3
1586735100,42,1
1586736900,109,1901
1586740500,69,11
1586748000,42,99
1586749800,72,679
1586751000,72,679
1586752200,74,631
1586755800,111,28
1586757900,111,28
1586763300,70,25
1586766900,87,426
1586770500,49,1
1586772300,49,1
1586775900,43,3
1586779500,49,1
1586794200,47,1
1586796000,50,27
1586797800,50,26
1586808600,45,17
1586819400,46,1
1586821200,48,4
1586823000,49,556
1586824800,49,553
1586828400,47,9
1586830200,47,11
1586844900,42,221
1586848500,47,2
1586850300,42,1
1586852400,49,139
1586854200,90,147
1586857800,900,10
1586859600,900,7
1586867100,110,2
1586868900,110,2
1586872500,110,9
1586874300,110,9
1586881500,47,1
1586883300,565,16
1586885100,600,16
1586886900,417,6
1586888700,89,43
1586890500,76,64
1586892300,93,281
1586894100,91,263
1586895900,53,123
1586897700,54,136
1586899500,84,30
1586901300,52,1029
1586903100,52,1031
1586906700,61,25
1586908500,40,16
1586910300,75,320
1586912100,75,320
1586917500,51,329
1586919300,51,329
1586922900,42,325
1586924700,47,5
1586926800,42,50
1586928600,42,46
1586932200,51,55
1586934000,51,80
1586935800,51,25
1586943000,42,338
1586948400,51,1
1586959200,50,600
1586964900,42,6
1586966700,42,6
1586986500,42,139
1586997600,50,15
1587001200,40,1
1587003300,45,2
1587005100,50,1
1587008700,42,125
1587010500,42,125
1587023700,42,1
1587025500,42,2
1587044100,44,3
1587053100,42,75
1587054900,45,13
1587058500,40,512
1587060300,40,523
1587062100,43,19
1587063900,43,8
1587069300,42,287
1587071100,42,287
1587078600,42,168
1587080400,42,169
1587084000,49,144
1587085800,49,144
1587089400,43,343
1587093000,48,249
1587105900,42,1
1587107700,42,2
1587109500,42,1
1587113100,47,1
1587126000,46,6
1587127800,46,142
1587129600,46,137
1587131400,42,1
1587142200,42,364
1587144000,42,495
1587145800,42,327
1587147600,37,2
1587151200,41,3
1587153000,42,1
1587156600,49,305
1587160200,42,1
1587162300,42,2
1587171300,43,8
1587173100,40,31
1587174900,40,23
1587176700,38,801
1587178500,38,801
1587189300,42,60
1587207600,42,12
1587209400,42,12
1587211200,42,1
1587216600,46,12
1587218400,46,12
1587229500,42,42
1587231300,42,42
1587234900,42,127
1587236700,43,1
1587238500,43,1
1587243900,47,20
1587245700,47,5
1587252900,30,25
1587258300,44,11
1587267600,41,8
1587271200,47,1
1587273000,47,1
1587274800,47,1
1587285600,43,131
1587287400,44,185
1587289200,47,54
1587291000,45,1
1587302100,43,271
1587303900,43,271
1587307500,42,18
1587316500,46,19
1587318300,47,1
1587329100,41,20
1587330900,40,21
1587332700,40,2
1587334500,40,1
1587338100,42,9
1587343800,45,392
1587345600,45,392
1587352800,40,5
1587354600,40,270
1587358200,44,2
1587360000,43,1
1587361800,40,1
1587363600,40,1
1587374700,40,13
1587376500,40,13
1587378600,40,756
1587380400,40,761
1587384000,40,73
1587385800,44,560
1587396600,40,8
1587400200,40,1
1587403800,40,274
1587409500,40,1
1587416700,40,959
1587418500,40,959
1587420300,40,1
1587434700,40,1
1587449100,66,1811
1587456600,40,26
1587482400,212,33
1587484200,227,45
1587486000,254,13
1587487800,109,57
1587489600,110,56
1587493200,155,2
1587495000,155,2
1587500400,59,510
1587502200,66,633
1587504000,95,124
1587505800,110,3
1587507600,110,2
1587511200,59,257
1587513000,59,257
1587518400,110,24
1587520800,42,1
1587522600,40,5446
1587524400,40,5524
1587526200,55,1134
1587528000,56,1071
1587533700,110,145
1587537300,50,9
1587546600,50,1
1587550500,50,275
1587555900,59,2
1587557700,59,2
1587563400,50,22
1587565200,48,45
1587567000,48,67
1587568800,48,57
1587570600,10,1
1587572400,10,1
1587612600,8,83
1587614400,8,83
1587655200,15,31
1587658800,18,292
1587671400,16,1
1587691500,18,5
1587770100,17,62
1587771900,17,62
1587806700,17,4
1587810600,17,1
1587830700,19,44
1587872400,19,1
1587918300,14,1
1587920100,14,1
1587925500,20,1
1587927300,20,1
1587934800,17,61
1587952800,10,1
1587958500,17,1
1587960300,17,1
1587998700,17,83
1588004100,17,19
1588005900,17,19
1588007700,10,54
1588009500,11,62
1588036800,18,143
1588038600,18,143
1588040400,18,4
1588044000,17,27
1588047600,10,1
1588087800,18,55
1588131600,18,33
1588137000,18,64
1588153500,18,7
1588173600,10,1
1588188000,20,14
1588189800,20,3
1588193700,11,12
1588195500,13,106
1588197300,14,94
1588213500,14,189
1588217100,10,331
1588255200,10,33
1588259100,11,12
1588260900,11,13
1588262700,10,1
1588269900,15,4
1588271700,8,2
1588273500,8,1
1588280700,10,4
1588298700,9,3
1588304100,8,4
1588322400,19,1
1588333200,27,284
1588349700,27,819
1588364100,20,2
1588380600,22,17
1588396800,31,351
1588407900,34,1
1588409700,31,45
1588426200,34,1
1588548300,28,609
1588552200,31,3
1588554000,34,566
1588555800,35,563
1588559400,35,8
1588566600,35,226
1588626900,35,1
1588628700,35,814
1588639800,38,11
1588643700,35,5
1588674900,38,1
1588678800,35,3
1588686000,56,10
1588687800,56,10
1588695000,40,280
1588698900,43,247
1588700700,110,150
1588702500,120,116
1588709700,32,1
1588725900,25,304
1588727700,25,304
1588729800,33,1
1588735200,32,342
1588757100,33,1
1588764600,32,1
1588773900,28,2
1588775700,28,2
1588793700,32,1
1588797300,29,10
1588799100,29,10
1588804500,31,6
1588809900,34,1
1588815300,29,1
1588817400,29,1
1588822800,32,538
1588830000,25,29
1588831800,25,29
1588842600,34,1
1588855500,32,23
1588860900,25,17
1588866300,30,28
1588871700,30,238
1588877100,30,513
1588878900,30,540
1588880700,25,27
1588884300,32,129
1588886400,32,129
1588893600,31,2
1588897200,31,64
1588900800,30,666
1588902600,30,666
1588906200,29,28
1588935300,30,22
1588937100,30,37
1588939200,30,16
1588941000,25,61
1588946400,25,48
1588971600,25,1
1588980900,32,333
1588982700,32,328
1588988100,25,10
1588989900,25,10
1588995300,31,2
1589002500,20,380
1589031900,25,2
1589039100,25,53
1589044500,25,281
1589048100,32,25
1589049900,31,26
1589051700,20,1
1589059200,33,7
1589061000,25,334
1589065800,33,24
1589071200,25,56
1589073000,25,56
1589079000,33,146
1589084700,33,1
1589106600,32,220
1589121000,30,21
1589122800,25,18
1589126400,28,6
1589133900,33,236
1589139300,33,86
1589142900,33,1
1589148300,36,83
1589151900,33,3
1589153700,33,3
1589157300,33,28
1589164500,36,252
1589193600,36,42
1589195700,36,41
1589211900,50,1
1589213700,50,465
1589215500,50,474
1589217300,52,10
1589228400,51,2
1589230200,51,3
1589233800,389,64
1589235600,387,49
1589241000,389,1
1589248200,90,36
1589251800,54,2412
1589255400,85,21
1589257200,146,18
1589259000,200,6
1589260800,54,3
1589262600,54,28
1589264400,54,28
1589280600,56,280
1589289900,56,324
1589291700,56,352
1589300700,71,13
1589302500,178,2
1589304300,36,142
1589306100,34,141
1589307900,25,5
1589311500,25,11
1589318700,95,847
1589322300,283,12
1589324100,261,7
1589325900,68,2
1589329500,50,869
1589331300,50,868
1589366100,56,1
1589386200,120,12
1589395200,50,1
1589397000,50,1
1589399100,121,9
1589400900,67,37
1589402700,50,28
1589404500,56,24
1589406300,56,24
1589408100,81,12
1589409900,80,13
1589411700,48,159
1589413500,48,160
1589415300,68,2
1589436900,56,1
1589460600,33,566
1589515200,32,209
1589551500,33,1
1589558700,36,1
1589565900,36,1
1589567700,36,1
1589585700,37,1
1589587800,37,1
1589595000,37,1
1589600400,40,1
1589614800,56,3
1589616600,56,3
1589647200,97,38
1589649000,97,60
1589670900,97,24
1589690700,45,360
1589692500,44,48
1589694300,50,2
1589703600,56,18
1589705400,56,20
1589712600,56,77
1589714400,56,77
1589718300,56,13
1589720100,56,13
1589727300,56,97
1589729100,56,1
1589730900,56,213
1589732700,57,225
1589743500,52,43
1589750700,44,1
1589752500,44,1
1589754300,44,4
1589756100,47,5
1589759700,94,53
1589761500,93,50
1589763300,60,173
1589765100,61,174
1589772300,73,35
1589774100,49,1683
1589775900,49,1661
1589779800,58,1
1589797800,56,27
1589825100,47,5
1589843100,30,61
1589844900,30,61
1589852400,27,1
1589854200,26,3
1589856000,26,2
1589857800,25,97
1589872200,25,1
1589888700,25,213
1589899500,32,1
1589904900,36,64
1589906700,36,64
1589908500,60,1
1589910300,60,1
1589917500,50,3
1589921100,50,164
1589922900,50,161
1589924700,60,278
1589926500,60,304
1589943000,50,406
1589968500,100,1
1589994000,88,17
1589997600,91,373
1590001200,56,3
1590003000,56,411
1590004800,56,412
1590006600,44,1
1590008400,44,27
1590010200,44,27
1590013800,56,1
1590017400,38,60
1590035700,57,3
1590064800,44,1
1590068400,44,340
1590070200,44,339
1590077400,38,4
1590079200,38,4
1590095700,44,347
1590099300,56,620
1590102900,38,2
1590120900,38,386
1590122700,38,386
1590129900,56,10
1590131700,56,10
1590180600,41,20
1590186000,39,1
1590200700,44,888
1590204300,37,7
1590207900,36,19
1590213300,38,14
1590215100,38,14
1590218700,42,13
1590222300,42,1
1590247800,44,3
1590251400,40,309
1590256800,40,19
1590258600,44,28
1590267900,44,1
1590269700,44,1
1590276900,56,1
1590284100,20,281
1590285900,20,722
1590287700,23,628
1590323700,56,6
1590329100,56,21
1590330900,40,26
1590332700,40,26
1590339900,56,309
1590341700,56,29
1590351000,56,1
1590352800,56,464
1590354600,75,25
1590356400,75,23
1590358200,73,21
1590434400,45,140
1590441600,64,2
1590443400,47,8
1590445200,44,251
1590478500,44,1
1590513300,55,284
1590520500,38,1
1590543900,44,1
1590545700,44,3
1590547500,44,2
1590591600,38,1
1590593400,38,1
1590602400,38,19
1590604500,38,19
1590620700,31,130
1590622500,31,131
1590624300,41,188
1590626100,41,205
1590627900,38,436
1590629700,37,410
1590633300,36,1
1590637200,42,7
1590639000,42,50
1590644400,29,2
1590646200,29,2
1590650100,41,1
1590666600,37,2
1590670200,60,5
1590672000,60,11
1590675900,38,16
1590679500,29,28
1590697500,60,8
1590699300,60,8
1590711900,41,2
1590717300,56,53
1590719400,51,73
1590721200,41,37
1590723000,41,17
1590724800,38,1
1590762000,46,42
1590763800,37,21
1590771000,10,64
1590772800,10,64
1590805500,25,1
1590807300,25,1
1590821700,29,2021
1590845400,36,936
1590861600,27,6
1590865200,25,112
1590868800,29,1
1590878100,53,617
1590885300,38,16
1590905100,25,1
1590937800,56,111
1590966600,25,1249
1590968400,25,1249
1590974100,42,127
1590975900,42,127
1590977700,56,1
1590988500,34,364
1590992100,56,8
1590997500,27,1
1591030200,53,4
1591039500,20,31
1591041300,20,6
1591046700,36,6
1591048500,36,148
1591095900,19,20
1591097700,15,610
1591101300,37,35
1591126800,54,867
1591128600,54,784
1591130400,60,63
1591132200,42,1605
1591134000,42,1580
1591135800,55,511
1591137600,56,504
1591143000,38,1
1591158300,53,6
1591160100,53,1
1591167300,40,5
1591178100,42,79
1591185300,36,63
1591192800,42,3
1591216200,38,392
1591218000,36,215
1591225200,36,1
1591230900,42,4
1591252500,39,1
1591296600,36,655
1591302000,38,10
1591321800,36,1
1591354800,56,376
1591362300,42,1
1591380600,38,19
1591382400,39,21
1591384200,49,2
1591398600,55,179
1591420500,70,26
1591422300,36,60
1591458600,26,251
1591460400,31,411
1591473000,36,58
1591475100,36,57
1591478700,36,1
1591484100,36,289
1591494900,37,14
1591553700,36,26
1591560900,41,1
1591562700,41,1
1591568100,36,1
1591575300,40,2
1591577100,40,112
1591578900,40,111
1591591800,40,24
1591595400,39,1
1591604700,36,18
1591608600,26,2
1591628700,26,1
1591630500,26,1
1591652100,28,48
1591661100,39,66
1591662900,41,56
1591666500,38,21
1591668300,38,20
1591679100,38,5
1591702800,40,48
1591704600,40,48
1591721100,35,10
1591733700,34,430
1591735500,24,2
1591748100,37,47
1591749900,37,47
1591757400,15,52
1591759800,15,52
1591761600,35,1
1591763100,35,1
1591790400,18,46
1591805100,36,1
1591806900,36,1
1591819500,38,7
1591821300,38,7
1591827000,36,1
1591874400,36,465
1591876200,36,465
1591890600,36,643
1591910400,35,1
1591912200,35,1
1591917900,36,142
1591941300,21,2
1591957800,21,3
1591981500,32,6
1592001300,29,6
1592004900,29,78
1592006700,29,78
1592063100,30,5
1592064900,23,18
1592066700,21,13
1592077800,25,55
1592086800,25,113
1592130300,21,44
1592132400,30,13
1592136000,30,11
1592154300,33,139
1592156100,32,141
1592166900,25,1
1592174100,25,1
1592337900,21,7
1592386800,15,7
1592388900,15,7
1592419500,14,1946
1592421300,14,3969
1592519700,16,69
1592594400,24,356
1592648700,22,3
1592650500,24,1
1592664900,23,3
1592713800,25,121
1592730600,44,1
1592812500,30,17
1592876400,60,28
1592949300,60,1
1592952900,101,15
1592956500,57,394
1592976600,71,34
1593049500,30,899
1593100800,30,272
1593113400,30,19
1593144300,30,1
1593147900,30,815
1593151500,32,13
1593173400,32,1
1593186300,30,1
1593206100,32,110
1593224700,30,26
1593228300,30,253
1593235500,30,66
1593253800,30,8
1593268200,30,10
1593270000,30,10
1593273600,30,251
1593275700,32,8
1593277500,32,36
1593279300,31,34
1593281100,31,243
1593282900,31,236
1593300900,31,17
1593304800,30,33
1593306600,30,57
1593348600,30,409
1593375900,50,4
1593379500,51,3
1593403200,50,74
1593408600,52,1
1593421500,60,8
1593427200,59,10
1593430800,51,1
1593450900,60,4193
1593454500,58,24
1593456300,60,24
1593458100,60,1
1593461700,50,145
1593485400,32,1
1593520200,30,2
1593522000,30,1
1593523800,30,1
1593540000,32,1
1593552900,35,1
1593567300,36,1
1593568800,36,1
1593570900,34,31
1593571800,34,32
1593572100,34,31
1593572700,31,38
1593573300,31,38
1593574200,31,38
1593574500,32,6521
1593580200,31,16
1593583800,32,18
1593585000,32,17
1593588600,32,7
1593599700,23,2
1593674400,36,9
1593676200,36,9
1593692700,30,59
1593698100,30,135
1593705300,30,128
1593758100,30,1
1593760200,29,2617
1593809400,37,158
1593811200,37,158
1593818400,37,28
1593896700,37,17
1593900300,38,2
1593902100,37,3383
1593903900,37,3383
1593911400,38,48
1593913200,38,48
1593962400,37,354
1593996600,52,16
1594000200,41,512
1594003800,37,1
1594005600,40,6
1594011300,43,24
1594051500,37,14
1594064100,37,20
1594073400,37,124
1594077000,37,1
1594082400,40,12
1594084200,37,2
1594086000,37,2
1594089900,52,1
1594091700,46,2
1594093500,40,1
1594135800,37,35
1594137600,40,5
1594139400,40,6
1594221000,46,2
1594233300,45,301
1594233900,45,301
1594234800,45,301
1594235100,56,396
1594236900,57,421
1594399500,45,400
1594403100,46,1
1594406700,45,388
1594421100,45,222
1594483200,47,16
1594488600,46,55
1594503000,46,3
1594528500,46,15
1594570500,45,1412
1594668600,50,1
1594695900,51,1
1594713900,51,1179
1594746600,49,639
1594752000,45,106
1594753800,45,106
1594757400,45,1
1594771800,45,1
1594829700,51,1
1594840500,49,1
1594842300,49,7
1594845900,49,453
1594849500,50,35
1594860300,50,14
1594862100,50,248
1594907400,53,675
1594941600,34,17
1595072700,54,1
1595094600,54,308
1595100000,54,1
1595130600,54,127
1595154000,45,1
1595177700,49,18
1595224800,48,3
1595226600,48,3
1595246700,41,4
1595268300,31,11
1595270100,45,1
1595271900,29,27
1595275500,40,254
1595286600,40,13
1595380800,54,30
1595391600,54,223
1595397000,53,2620
1595399100,53,618
1595430300,53,1
1595432700,53,1
1595436300,44,6
1595443500,41,134
1595456100,50,279
1595490600,50,1
1595508600,55,8
1595510400,55,754
1595512200,55,746
1595515800,51,20
1595517300,51,20
1595556600,50,1
1595558700,50,1
1595591400,51,64
1595612400,51,302
1595617800,40,1
1595628900,59,1
1595632500,51,26
1595694300,60,101
1595719800,56,399
1595725200,60,1
1595728800,60,1
1595730600,56,25
1595785800,60,15
1595793000,57,1
1595816700,56,361
1595818500,56,361
1595823900,60,1
1595905800,71,256
1596070500,62,3
1596237600,68,46
1596241200,66,458
1596243000,74,1
1596263100,72,3
1596326700,71,15
1596330300,75,1
1596394200,72,795
1596396000,72,796
1596401400,75,24
1596415800,75,1
1596489000,82,2
1596550800,127,1
1596567000,69,164
1596597600,107,393
1596601200,107,102
1596645600,91,1
1596656400,150,93
1596661800,180,25
1596663600,180,26
1596665400,180,2
1596670800,150,2
1596694500,111,1
1596696300,111,2
1596698100,111,1
1596716400,107,62
1596718200,107,62
1596725400,71,27
1596741600,81,1270
1596743700,81,2132
1596816300,79,3
1596818700,79,6
1596837600,81,867
1596846900,107,71
1596857700,82,5680
1596909900,82,5
1596924600,41,1
1596935400,41,28
1596942600,41,21
1596950100,75,304
1596955500,75,946
1596957300,75,946
1596990000,102,1
1596991800,102,1
1597002900,139,1
1597147800,107,27
1597224600,107,1500
1597236900,107,18
1597249500,107,1
1597271400,85,1
1597285800,41,88
1597333500,96,14
1597428900,107,125
1597432500,105,1050
1597535700,100,47
1597537500,100,47
1597542900,41,147
1597544700,41,147
1597561200,41,211
1597564800,41,329
1597582800,50,1
1597584600,50,1
1597597200,41,24
1597608000,41,279
1597615500,41,1
1597617300,41,1
1597619400,41,465
1597621200,69,1102
1597623000,91,637
1597710600,41,22
1597725000,81,5
1597728600,78,1
1597769100,19,2
1597826100,41,55
1597847700,41,612
1597849500,41,612
1597928400,57,12
1597931700,57,50
1597940700,41,1
1597942500,41,1
1597971900,55,1
1597979400,55,139
1598097300,68,2
1598104800,42,76
1598108400,62,20
1598127300,40,320
1598129100,40,320
1598130900,70,3
1598131500,70,1
1598132100,70,17
1598147400,43,1
1598149200,63,513
1598151000,64,512
1598152800,70,1
1598154600,70,1
1598156400,70,1
1598171700,64,210
1598203200,41,1
1598205000,41,1
1598218200,43,5
1598231400,58,1
1598233200,43,7
1598235000,41,6
1598236800,43,9
1598285700,53,1
1598303700,59,2
1598304300,59,2
1598309700,50,4
1598311200,49,827
1598313300,49,871
1598315100,43,48
1598354400,57,1
1598383200,65,3
1598393400,41,254
1598400900,42,15
1598472000,56,1
1598473800,56,1
1598490900,42,1
1598492700,42,1
1598521800,67,140
1598564100,59,236
1598574900,53,8
1598600400,71,140
1598635800,181,1
1598637600,181,1
1598641200,65,1
1598644800,65,32
1598668500,115,1
1598739900,169,274
1598745600,125,188
1598756400,181,1
1598808900,91,392
1598811900,67,105
1598827500,52,35
1598851200,43,24
1598853000,43,193
1598854800,43,193
1598877600,66,312
1598891400,44,4
1598904600,45,485
1598909100,45,1
1598912700,67,1
1598956500,66,1
1598959500,66,1
1598965500,45,24
1598974800,46,1
1598982000,60,1
1598984700,60,1
1599065400,59,12
1599092400,49,1
1599101400,52,2
1599103500,45,1
1599107100,49,1
1599108900,49,1
1599123000,44,1
1599153900,44,502
1599164700,57,1
1599166500,57,1
1599170100,65,3
1599171300,65,3
1599202200,200,15
1599230400,115,42
1599277500,83,2565
1599286500,65,1
1599339000,71,290
1599360600,115,53
1599362400,115,70
1599364200,112,18
1599366000,69,1
1599396900,115,1
1599405900,115,1
1599407700,115,609
1599409500,115,663
1599418500,72,20
1599420300,72,18
1599441900,8,25
1599463500,67,2
1599481800,71,82
1599493500,41,160
1599495300,41,160
1599497100,41,160
1599550800,80,271
1599579000,71,6
1599603300,112,268
1599614100,115,20
1599755100,74,110
1599768300,111,393
1599769800,113,768
1599807900,71,124
1599819000,115,11
1599870600,71,83
1599894000,76,4
1599981900,110,362
1599983700,110,362
1600048800,84,108
1600097100,90,1
1600168500,73,10
1600188000,61,225
1600189800,61,225
1600200600,56,1
1600202700,56,1
1600221300,71,230
1600231800,80,3
1600246200,80,12
1600313400,88,30
1600333200,84,312
1600365900,79,6
1600374900,82,2
1600401900,71,1
1600530000,51,1
1600531500,51,12
1600533300,51,12
1600576200,51,11
1600657500,52,30
1600698900,52,1
1600747800,44,1
1600760400,44,456
1600837500,50,320
1600839300,49,608
1600841400,48,476
1600850400,49,1
1600969500,48,3
1600978800,53,1
1600983300,46,347
1600985100,46,348
1600986900,47,1
1601006700,47,138
1601030400,47,80
1601035800,69,392
1601068200,77,7
1601146200,66,53
1601148000,66,11
1601149800,66,1
1601211900,32,251
1601213700,32,251
1601226300,29,42
1601228100,29,620
1601229900,29,598
1601321700,31,1
1601413800,12,43
1601418900,25,277
1601447700,28,3
1601529300,30,426
1601552100,30,1
1601553900,30,1
1601570700,26,1
1601579100,26,3
1601579400,26,3
1601579700,26,3
1601595900,30,65
1601651100,26,216
1601663700,26,2
1601679900,26,2
1601692800,26,56
1601698200,26,56
1601754900,27,20
1601798100,30,1
1601807400,30,75
1601809200,30,74
1601821200,30,249
1601823000,30,249
1601903100,33,9
1601906700,30,1
1601910300,31,22
1601912100,31,15
1601926800,38,2
1601928600,38,2
1601937600,26,77
1602008700,10,33
1602019500,10,5
1602033300,10,80
1602085500,24,209
1602087300,18,40
1602088800,16,35
1602092700,10,234
1602099000,20,1468
1602102000,20,183
1602110700,10,21
1602116100,10,259
1602143400,17,10
1602147000,17,56
1602171300,14,1835
1602183900,20,1
1602189300,11,1
1602194700,10,4
1602195900,10,4
1602213600,10,1
1602264300,19,1
1602270000,28,4
1602289500,25,50
1602300300,25,1
1602344700,27,1380
1602347400,28,1261
1602349200,29,3
1602351000,29,3
1602351600,29,3
1602391500,35,695
1602447000,75,1
1602448500,75,1
1602450300,75,1
1602459900,120,2
1602506100,75,1
1602527100,75,10
1602534000,80,7
1602536100,80,18
1602537900,75,487
1602548700,75,1
1602561300,44,3
1602585000,28,2102
1602631200,44,278
1602633000,44,278
1602656700,46,4
1602658500,46,4
1602684600,46,371
1602691800,44,507
1602762300,100,1
1602932700,50,86
1602970500,10,4
1602988800,39,182
1603070100,60,2
1603139700,44,28
1603146000,63,1
1603384800,25,999
1603395600,30,5
1603420500,25,1
1603489500,25,223
1603522200,40,25
1603570500,50,921
1603594800,34,2
1603646400,50,4
1603650000,50,2
1603677000,31,1
1603678800,31,1
1603684200,10,1
1603727100,31,4
1603727400,31,4
1603727700,31,4
1603730100,31,256
1603778100,45,1
1603787100,35,253
1603813800,41,5
1603815000,41,7
1603815300,41,5
1603815600,41,31
1603817400,41,40
1603822800,40,228
1603890300,41,2
1603922700,15,2
1603933500,10,29
1603937100,10,1
1603937400,10,30
1603937700,10,1
1603938000,10,1
1603938300,10,1
1603938600,10,1
1603938900,10,1
1603956300,14,17
1603986900,14,26
1604034300,14,10
1604041500,17,1
1604075700,11,52
1604157600,11,262
1604158500,11,263
1604160000,11,267
1604161800,17,21
1604167200,16,56
1604169000,17,158
1604183700,11,325
1604187300,30,1
1604241600,30,2
1604245200,30,15
1604454300,24,2
1604533800,24,55
1604691000,23,2
1604694600,23,5
1604703900,20,2
1604707500,25,1
1604734800,25,37
1604815200,25,288
1604972700,25,61
1604978100,25,276
1604981700,27,296
1605027600,25,1
1605033000,28,9
1605219300,10,1
1605239400,20,2
1605261600,13,623
1605269100,14,2017
1605283500,21,2
1605285300,21,2
1605303600,10,125
1605423300,24,1
1605461400,23,1
1605463200,23,1
1605465000,10,371
1605472200,20,4
1605481200,10,1
1605483000,10,1
1605748200,29,1
1605854400,29,55
1605856200,56,1
1605858000,56,1
1605892500,29,20
1605892800,29,20
1605893100,29,20
1605910500,200,14
1605975000,100,364
1605995700,100,306
1606061100,45,1
1606079700,100,1
1606090500,101,28
1606166700,101,37
1606210200,100,1
1606221000,185,9
1606224600,191,4
1606233000,101,85
1606257300,100,415
1606271700,100,167
1606319100,129,26
1606320900,129,28
1606346700,129,10
1606348500,129,2
1606357200,120,25
1606359000,114,39
1606360800,113,34
1606401600,113,13
1606403400,113,3
1606504200,100,2
1606516200,100,20
1606554900,100,466
1606576500,29,554
1606610100,100,1
1606668300,100,842
1606671900,100,402
1606712100,100,56
1606842000,103,305
1606875000,113,2
1606876800,113,2
1607042100,100,12
1607044200,100,12
1607203800,96,15074
1607286000,100,125
1607346000,100,172
1607347800,100,172
1607699400,95,2
1607781000,88,1
1607788200,88,2564
1607811900,26,110
1607875500,70,2
1607877300,55,1
1607884500,88,4
1607886300,88,4
1607898900,36,111
1608016800,92,1949
1608125700,102,73
1608251700,176,1
1608297000,101,2
1608311400,100,295
1608313500,100,295
1608360900,123,532
1608384600,100,63
1608393600,130,13
1608397200,100,1
1608480600,91,722
1608487800,88,1
1608489600,88,1
1608506100,90,2
1608518700,94,1
1608520500,94,1
1608653700,88,90
1608673500,88,26
1608720900,98,1
1608755400,88,402
1608759000,88,1
1608775200,89,9
1608795000,90,2
1608809400,90,13
1608824100,96,11
1608827700,97,5
1608851100,97,2200
1608878100,88,1
1609008000,10,2098
1609013400,10,458
1609018800,88,466
1609038600,29,27
1609082100,67,1
1609095000,30,1
1609134900,29,230
1609136700,29,230
1609191300,29,1
1609193100,29,1
1609203900,80,23
1609378500,32,1
1609422000,32,6
1609545000,32,49
1609557600,32,4
1609608300,33,24
1609610100,33,24
1609617600,48,1
1609619400,48,1
1609641000,33,1
1609642800,33,1
1609644600,50,10
1609659300,33,454
1609662900,50,1
1609686300,60,1
1609688100,63,2
1609689900,66,1
1609709700,67,1
1609711500,67,1
1609744200,50,2
1609767900,50,300
1609868700,88,125
1609965900,70,248
1609966200,70,248
1609966500,70,248
1609996800,70,2
1610037900,55,2
1610048400,70,1
1610158500,70,6
1610202000,64,1
1610212800,70,19
1610214600,70,19
1610302800,69,3804
1610376300,89,24
1610381400,86,26
1610398500,70,25
1610474400,70,1
1610474700,70,1
1610475000,70,1
1610580900,51,1
1611049200,70,2
1611064800,73,1698
1611072000,70,1
1611201300,50,195
1611268800,57,1
1611269400,57,1
1611270300,57,1
1611284700,57,2
1611299100,60,1
1611306300,70,2
1611316500,70,46
1611330300,70,1
1611366900,85,2
1611370500,100,2
1611385500,100,2
1611394800,141,9
1611396600,73,472
1611425100,70,20
1611430200,50,326
1611492900,70,183
1611594900,60,200
1611680400,60,173
1611840300,25,279
1611865200,25,13
1611865800,25,13
1611897000,28,307
1611898200,28,307
1611903600,61,1
1612028400,28,29
1612042200,39,1
1612055700,55,1
1612068300,27,2
1612073700,27,341
1612101000,27,1
1612108200,27,9
1612109700,27,9
1612124700,25,1
1612146300,50,1
1612195500,36,14
1612199100,36,1635
1612310400,35,27
1612315500,40,5
1612324500,39,243
1612326000,34,12
1612329600,25,863
1612359300,46,2
1612366800,39,13
1612639200,25,2
1612641000,25,2
1612643100,25,10
1612662000,25,105
1612690800,25,46
1612692900,25,46
1612711500,25,459
1612826400,25,112
1612889400,25,49
1612938300,25,419
1612967100,29,3
1612968900,29,1
1612980000,25,1
1612981800,25,1
1613013900,28,346
1613095500,20,1
1613097300,20,1
1613144400,25,404
1613164200,26,23
1613166000,26,122